 #position                           vilocity                             force                               old_force                         masse     type   sigma     epsilon 
512
   1.39410    2.18580   0.705143      -1.36461  -0.730720   0.108167      -15.6771   -3.54987    3.48358      -16.4105   -4.17734    3.50046    1.00000    1    1.00000    1.00000 
   2.14926   0.626216    1.64000     -0.329980   0.172355   0.226237       7.84955    2.38781    12.2912       7.63248    2.24477    12.0736    1.00000    1    1.00000    1.00000 
   1.19006    1.26118    1.28480      -1.00545   0.899292   -2.12497      -11.7620   -34.9557   -31.4836      -12.0134   -35.3586   -31.9020    1.00000    1    1.00000    1.00000 
   1.33785    1.94806    1.93585      -1.08688  -0.251598   0.696183       6.14471    36.2712    36.7283       6.32616    37.0378    37.2472    1.00000    1    1.00000    1.00000 
  0.888607   0.627692  0.0490240      -1.85424   -1.16730  -0.366177      -21.6742  -0.317977    33.1711      -23.3428  -0.171453    33.8796    1.00000    1    1.00000    1.00000 
   1.98819   0.982347   0.643597       1.72607   -2.27886  -0.536705      -40.2061    14.5930    32.4045      -39.2948    14.3794    31.3052    1.00000    1    1.00000    1.00000 
   1.33383   0.202370    1.13665       2.29125 -0.00588177  -0.616479      -7.45214   -8.30767   -8.12487      -7.04912   -8.36340   -8.40217    1.00000    1    1.00000    1.00000 
  0.226591    1.24021    1.80289      -1.59058  -0.746265  -0.382790       4.07545   -8.26451    1.05518       3.93584   -8.24870    1.12208    1.00000    1    1.00000    1.00000 
  0.229844    1.61650   0.191237     -0.237606   -1.77736  -0.512633       3.54885   -5.10459    6.55074       3.02646   -6.33784    6.96473    1.00000    1    1.00000    1.00000 
   1.17228   0.427147    2.19361       1.15499  0.0941697    3.21729       2.48217   -3.95811   0.465986       2.57310   -3.44540    1.17774    1.00000    1    1.00000    1.00000 
  0.256595  0.0608718    1.70345     -0.462840   0.865120   0.636889       4.88234   -1.30335   -9.73817       4.34124   -1.27182   -9.35273    1.00000    1    1.00000    1.00000 
   3.47905    1.63950   0.795048     -0.682822  -0.771824  -0.782434      -15.7297    21.3694   -10.7677      -15.4025    21.4349   -11.1850    1.00000    1    1.00000    1.00000 
   2.97584    1.54661    1.70108    -0.0980727   -1.38161    2.31178      -10.5057   -11.7609   -15.6187      -10.5364   -10.9055   -13.2635    1.00000    1    1.00000    1.00000 
   3.90273   0.101532   0.293273     -0.837749   -1.11415   0.400321      -7.44253   -3.88289   -12.5154      -7.54022   -4.07867   -12.5202    1.00000    1    1.00000    1.00000 
   3.85647    1.46444    2.29489      -1.28853  -0.203555 -0.0926860       8.28340    13.5746   -4.23832       7.70021    13.6296   -4.38313    1.00000    1    1.00000    1.00000 
   4.46785    2.13711    1.36016      0.394840  -0.537136    1.53459      -7.04783   -17.9041    41.7579      -6.68790   -17.9303    42.6481    1.00000    1    1.00000    1.00000 
   4.44977    2.10445   0.388174       2.89789    1.08849   0.425041      -32.0107    2.24252   -42.4796      -30.7962    2.12125   -43.3480    1.00000    1    1.00000    1.00000 
   4.30231   0.525645    2.11042      0.390608   0.391404    2.93698      -51.1548   -51.6909    21.3156      -52.4412   -52.9886    21.6668    1.00000    1    1.00000    1.00000 
   4.21372   0.980422   0.804404      -1.15147  -0.776859  -0.250315       26.1676   -8.57913    7.11585       25.9929   -8.35721    7.07646    1.00000    1    1.00000    1.00000 
   6.70642   0.154693    1.32541       1.81404  -0.189906  -0.874103       19.7931   -8.48669    9.21131       19.4754   -8.31869    9.08144    1.00000    1    1.00000    1.00000 
   5.43511    2.05238   0.339672      0.538258   0.845341   -1.74105       25.7979   0.483461  -0.539367       24.6826   0.665770  -0.601851    1.00000    1    1.00000    1.00000 
   6.01021   0.554817   0.711781       2.56847  -0.336190  -0.583407      -2.95912    7.18479   -33.9304      -2.15942    7.66767   -34.3256    1.00000    1    1.00000    1.00000 
   5.63705    1.43297    1.21954      0.589405  -0.654348   -3.44776       30.4524    17.5574   -21.6248       31.6357    17.9689   -22.4955    1.00000    1    1.00000    1.00000 
   5.49899   0.260302    1.52221       1.43544   0.167365    1.48787     -0.825521    10.7441    17.9906     -0.827828    10.9998    18.8072    1.00000    1    1.00000    1.00000 
   6.32989   0.742265    2.08820       2.58398   0.151602   -1.49849      -8.49140    2.96868   -3.85110      -8.59411    2.71503   -4.26965    1.00000    1    1.00000    1.00000 
   4.96869    1.12370    1.84294      0.743034   0.879409  0.0997223       13.1522    37.4341   -9.91519       13.2721    38.0266   -9.91553    1.00000    1    1.00000    1.00000 
   6.52968    1.93280    1.98847       1.05488   0.207213    1.78210      -14.1018  -0.229174   -4.14805      -13.7786  -0.454899   -4.08665    1.00000    1    1.00000    1.00000 
   4.94791   0.527530   0.112831     -0.888657   0.169648  -0.101111       4.05724    3.77908   0.494085       4.03894    3.97543   0.564089    1.00000    1    1.00000    1.00000 
   5.27306    2.20046    2.05417     -0.430284  0.0764167  -0.733331       5.75303  -0.903433    9.29735       5.58607  -0.859547    8.94965    1.00000    1    1.00000    1.00000 
   6.75116    1.26709    1.08958      -1.82223   -1.25161  0.0524670       3.97376    2.78826    2.32602       3.58637    2.54670    2.19572    1.00000    1    1.00000    1.00000 
   8.11329    1.65410   0.887114      0.334543    3.59252   -2.01174       18.5584   -21.1850    11.6811       17.6275   -17.6533    10.7416    1.00000    1    1.00000    1.00000 
   7.79080   0.217509    1.85547       1.08746   0.603334  0.0403160       2.58818   -13.1825    15.0807       2.61809   -12.7794    14.0656    1.00000    1    1.00000    1.00000 
   7.33425    1.30811    2.13556    -0.0482224   0.525070  -0.161540       12.9814   -8.91829   -5.04433       12.6711   -8.66351   -5.08118    1.00000    1    1.00000    1.00000 
   7.74618   0.697817   0.977454       2.16556  -0.386273    1.92119      -9.96988   -2.95998   -11.2390      -10.3095   -4.34902   -10.1151    1.00000    1    1.00000    1.00000 
   8.90837   0.873178   0.719556      0.572566  -0.694119  -0.260194      -3.55254   -10.0560    5.08458      -3.30085   -10.0283    4.86735    1.00000    1    1.00000    1.00000 
   8.75833    2.03203    1.99502     -0.894101  -0.523320 -0.0693988      -7.23405    10.1287 -0.0713531      -7.34736    10.1050 -0.0967039    1.00000    1    1.00000    1.00000 
  0.654552    3.15181   0.785086      -1.53269   -1.13712  0.0297364       27.7557   -26.2984   -39.4026       27.8738   -28.0921   -38.4987    1.00000    1    1.00000    1.00000 
   1.42903    3.91036    1.12839      0.360509   -1.29247    1.12719      -19.9000    9.37197    42.5942      -20.5099    8.98955    42.4173    1.00000    1    1.00000    1.00000 
   2.29529    4.31107    1.51343       1.79886    1.36461    1.28249      -8.01998    27.7872    27.6961      -6.88223    28.9787    28.9919    1.00000    1    1.00000    1.00000 
  0.117227    3.89538    1.87060       2.38640   -1.37928  -0.953485       17.5802   -19.1803    8.52303       18.9069   -20.4752    7.61682    1.00000    1    1.00000    1.00000 
   1.53411    3.49474   0.270146      0.720205    2.28539  -0.729186       18.3481   -28.0564   -38.0328       18.9537   -28.2715   -38.2406    1.00000    1    1.00000    1.00000 
  0.354682    2.59187    1.51401       2.71351    1.48105    2.31029      -10.4887   -23.6445    33.0653      -10.1753   -23.0842    32.0884    1.00000    1    1.00000    1.00000 
  0.320573    4.04147   0.889931      0.502687    1.03791    1.37597      -15.6484    45.0704   -11.3712      -16.4687    46.1082   -10.4982    1.00000    1    1.00000    1.00000 
   2.27933    2.68596   0.569052      0.449572   0.830997   -2.51359      -6.14259   -4.35428    6.03091      -5.10509   -5.55606    2.93312    1.00000    1    1.00000    1.00000 
   3.56296    2.69351    2.07708      0.714393   -1.58065  0.0177280       1.88265   -1.27458   -9.36770       2.05860   -1.33442   -9.04695    1.00000    1    1.00000    1.00000 
   3.29043    2.72607   0.885328      0.604135   -3.40946 -0.0295945       10.0403    3.04315    2.95959       10.2956    2.78567    2.91510    1.00000    1    1.00000    1.00000 
   3.77629    3.74127    1.74491     -0.639352  -0.704126   0.407071      0.925944   0.486268   -1.95627      0.906862   0.577069   -1.95005    1.00000    1    1.00000    1.00000 
   2.45051    3.41682    1.23368      0.848898    1.01948    2.40309       13.9579   -22.9943   -25.5133       14.1356   -22.6292   -22.9811    1.00000    1    1.00000    1.00000 
   2.56457    4.27303   0.488966       2.08147    2.56318   -1.14524      0.615410    2.23674   -4.99065      0.835081    2.23343   -5.59058    1.00000    1    1.00000    1.00000 
   2.45598    2.84575    2.04808       1.93535    3.42341  -0.421974      -1.17243   -15.7156    21.7485      -1.29594   -14.5600    20.2204    1.00000    1    1.00000    1.00000 
   3.07179    4.54744    2.15811      0.924464   -1.58938   -1.22727       9.33266   -1.37154   -3.63345       8.90995   -2.06033   -4.64418    1.00000    1    1.00000    1.00000 
   4.59484    3.10340    1.05353     -0.658175  -0.298046   0.445928       1.00320    13.5519   -4.64393      0.889302    13.6982   -4.60173    1.00000    1    1.00000    1.00000 
   6.76825    2.42091   0.638032      -1.08309   -1.54511    1.34060      -43.2435   -2.68333    4.35955      -44.5874   -2.75965    4.47852    1.00000    1    1.00000    1.00000 
   6.57749    3.93169    1.30424      0.360234    3.02960  -0.284454      -8.68783    6.75331    31.9903      -9.17158    9.12956    31.9608    1.00000    1    1.00000    1.00000 
   5.59689    3.94771    1.02305     -0.322117  0.0451303  -0.184014      -16.8965   -1.30145   -2.67454      -17.0957   -1.21823   -2.73944    1.00000    1    1.00000    1.00000 
   5.69291    2.77805    1.21613       2.32530   -2.77012    1.15984       1.73408 -0.0318295   -1.95577       1.75666  -0.162074   -1.81107    1.00000    1    1.00000    1.00000 
   5.05032    3.16117  0.0240293     -0.243186   -1.15594   -1.49470       48.5418    45.3449    53.0251       47.0056    43.5017    51.1294    1.00000    1    1.00000    1.00000 
   6.90719    3.54331   0.446194      0.231487  -0.311327  -0.251670       10.2985   -2.47916   -12.9250       10.5089   -2.64816   -13.8481    1.00000    1    1.00000    1.00000 
   8.61231    3.45195    1.19825       1.72308   0.709554 -0.0565116       2.31103   -5.70770   -1.07161       2.64160   -5.76905  -0.872265    1.00000    1    1.00000    1.00000 
   7.18718    3.14351    1.41002    -0.0457059  -0.167511   0.717555       8.88984   -8.50356   -2.94220       9.66680   -9.22902   -2.79141    1.00000    1    1.00000    1.00000 
   7.76089    4.10707    1.28412      -1.57499  -0.944836  -0.110297      -16.2191   -33.3746    2.50926      -16.2424   -32.8867    2.62958    1.00000    1    1.00000    1.00000 
   8.25780    3.53072   0.174171       1.00229    2.25261   -1.09706      -14.2888    1.05453   0.902951      -14.1316   0.975120   0.642967    1.00000    1    1.00000    1.00000 
   7.73355    2.48354   0.548861      0.666586 0.00412666    1.12357       23.6816    40.3621   -19.4183       26.1975    37.8893   -18.5139    1.00000    1    1.00000    1.00000 
   7.55360    2.34958    1.93135      0.403754  -0.319728   0.377760       9.63032   -10.8013    8.71870       9.55439   -10.9374    8.76044    1.00000    1    1.00000    1.00000 
   7.28039    4.51082  0.0311203      0.352411  -0.929243    1.10747      -14.8319   -5.26053    20.1786      -15.6040   -5.26330    20.7039    1.00000    1    1.00000    1.00000 
   8.60804    4.59271    1.65693      -3.43484   0.399233  -0.254418     -0.921320    17.7140   -1.25994      -2.38421    18.9087   -1.80081    1.00000    1    1.00000    1.00000 
  0.479625    5.02423   0.560404      -2.81743   0.998440   0.762045       31.9811   -46.6026   -8.23500       30.1161   -44.8186   -7.27141    1.00000    1    1.00000    1.00000 
  0.642148    6.26760    1.24847      0.944299  -0.495238  -0.190013      -1.57938   -9.24446   -28.1353     -0.642010   -9.44559   -28.3060    1.00000    1    1.00000    1.00000 
   1.68925    4.87832   0.811800     -0.945004   0.314890   -2.68271      -16.7343    2.26816   -20.1715      -17.5820    2.43431   -21.1255    1.00000    1    1.00000    1.00000 
   1.79149    6.07729  0.0525854       2.72729   0.627973    2.08583      -35.9548    6.40133    47.6051      -33.7244    6.19702    51.2737    1.00000    1    1.00000    1.00000 
   1.55507    6.66677    1.50642      -1.89403    1.54810    1.79113       3.37932    10.5741    8.84296       2.57421    10.6297    9.14144    1.00000    1    1.00000    1.00000 
  0.561169    4.97418    1.81136      -1.42820    1.44753  -0.350200      -21.0121    23.6362   -27.0157      -21.7821    24.6077   -28.1454    1.00000    1    1.00000    1.00000 
  0.671594    5.91642   0.193436      -1.30637  -0.114237   0.511153       5.09157    32.0708   -13.6435       4.82250    31.7307   -13.4206    1.00000    1    1.00000    1.00000 
  0.793731    6.15782    2.26309    -0.00849966  -0.800597  -0.656621       25.6738   -39.3738   -9.54056       25.7984   -39.5808   -9.85022    1.00000    1    1.00000    1.00000 
   2.27996    6.29939   0.854940      -1.21173   0.742655   -1.78069       31.8835    6.75687    29.4092       30.4314    5.52006    25.5909    1.00000    1    1.00000    1.00000 
   3.56970    5.44513    1.49131       1.28483    1.11995    1.08111       2.51490    1.46077   -5.20319       2.40335    1.93156   -4.44299    1.00000    1    1.00000    1.00000 
   4.02796    5.71877   0.282382     0.0307742   -1.90213   0.382829       3.21674   -19.7855    5.58826       3.56371   -20.2619    5.38125    1.00000    1    1.00000    1.00000 
   2.33065    5.29855    1.46336      -1.26261  -0.766448    2.34742       20.4657    39.4882    10.8559       21.1409    38.6696    11.6902    1.00000    1    1.00000    1.00000 
   3.12724    5.99483    2.23718      -1.69735   -2.36826  -0.788203      -21.1940   -6.15661   -26.1584      -21.4774   -7.43771   -27.3799    1.00000    1    1.00000    1.00000 
   4.24623    6.53898    2.00249      -1.02589  -0.634005   0.108523      -6.27886    12.3415    4.71631      -6.21232    12.2491    4.73001    1.00000    1    1.00000    1.00000 
   2.93897    5.47990   0.385326      0.679232   0.963249    1.34844      -1.92081 -0.0360905  -0.221204      -1.83451 -0.0313532  -0.190280    1.00000    1    1.00000    1.00000 
   3.59469    6.59077   0.597038     -0.130983 -0.0851225 -0.0158155      -5.64676    13.1722    3.59805      -5.85779    13.5610    3.72755    1.00000    1    1.00000    1.00000 
   4.45530    4.65499    1.66402      -1.73729   0.160531  -0.913775      -6.82970   -12.9707   -9.08486      -7.11701   -12.6266   -9.00441    1.00000    1    1.00000    1.00000 
   3.68520    4.70223   0.789886     -0.820402   0.753204  -0.205093       1.35143   -10.0407   -11.5857       1.39564   -10.1815   -11.7682    1.00000    1    1.00000    1.00000 
   4.39035    5.53747    2.19687      0.843556  -0.350898   -2.45728       6.98054   -1.65844    7.58843       6.87467   -1.74572    6.69957    1.00000    1    1.00000    1.00000 
   6.18164    5.80022    1.45037     -0.461878  -0.852929   -1.20529      -4.36800   -22.2842   -13.7512      -4.72864   -21.9680   -13.8342    1.00000    1    1.00000    1.00000 
   4.73631    5.55380    1.14387    0.00763312  -0.833503  -0.912439      0.223226   -2.24978    1.05773      0.147731   -2.99038   0.909055    1.00000    1    1.00000    1.00000 
   4.77868    6.59975    1.08828    -0.0811549    1.98708   0.817955       11.6210   -4.76299    21.1494       11.5559   -3.62399    21.6351    1.00000    1    1.00000    1.00000 
   5.77378    6.06293   0.503212       1.01938    1.25761  -0.644675      -8.18072   -8.71332    35.8254      -7.99596   -8.58684    35.0268    1.00000    1    1.00000    1.00000 
   4.89313    5.12321   0.163086     -0.330059  -0.378396    1.96286       8.37749   -12.1934    17.7117       8.20812   -12.1537    18.7447    1.00000    1    1.00000    1.00000 
   5.47298    4.70703    2.02725      0.789256  0.0520417   0.492567      -2.16164   -18.3337   -6.63508      -1.50291   -17.3338   -6.14634    1.00000    1    1.00000    1.00000 
   6.76320    4.79650   0.818361      -1.14590   -1.35606  -0.998182      -19.5651    24.8508    10.6872      -19.5055    23.4450    10.4613    1.00000    1    1.00000    1.00000 
   6.58039    4.85032    1.87920      -1.85835   -2.93693    2.89237      -5.12887    2.22796    4.39195      -5.53737    1.63386    4.79869    1.00000    1    1.00000    1.00000 
   5.72501    6.60103    1.93830      0.732079   -1.70652   -1.74592      -45.6156   -15.0607    62.9722      -44.7510   -15.2376    62.8731    1.00000    1    1.00000    1.00000 
   6.57829    6.62538  0.0729841    -0.00710228   -1.14912   0.134831       27.1925   -24.3581   -2.90587       27.5669   -25.5808   -2.86047    1.00000    1    1.00000    1.00000 
   6.72115    6.45630    1.98743     -0.894945  -0.217654  -0.600266       29.9685    15.6809    11.5476       29.3767    15.7998    11.7160    1.00000    1    1.00000    1.00000 
   4.68631    6.60406  0.0853481     -0.527352   -1.49498   -1.25217       1.65538   -3.80941   -21.1165       1.37703   -3.98615   -22.2440    1.00000    1    1.00000    1.00000 
   7.21199    6.51369    1.04735      0.162040  -0.662403  -0.365865      -8.14020   -37.5651   -30.1001      -7.99863   -38.8390   -30.2574    1.00000    1    1.00000    1.00000 
   7.91050    6.74413    1.71614      -1.53644  -0.138309    1.90335       18.6572    4.75848    17.9718       18.8794    4.82602    18.0044    1.00000    1    1.00000    1.00000 
   7.77190    5.04533   0.990742      -1.20735  -0.572422    2.59561       10.5293    33.7034   -9.14579       10.8208    33.2954   -8.94429    1.00000    1    1.00000    1.00000 
   9.01068    6.30681    1.83709     -0.890902    1.09650   0.569515      -16.0663    6.44704    3.46387      -16.6697    6.46096    3.83119    1.00000    1    1.00000    1.00000 
   8.95129    5.53094   0.939745       1.40374   0.985951 -0.0670606      -32.3005    16.3850    22.8307      -30.3716    15.5083    21.4941    1.00000    1    1.00000    1.00000 
   7.31779    5.56954   0.133702      0.281812   -2.26085   -2.43933      -83.1466   -11.2119    3.13521      -82.3116   -10.9318    3.18234    1.00000    1    1.00000    1.00000 
   8.79353    6.52278   0.620142      0.217380   -3.00857   0.863481       10.9260    17.6598    6.71393       10.9750    16.8364    6.92855    1.00000    1    1.00000    1.00000 
   8.21080    5.83438   0.119869     -0.779982  -0.798523   0.511762       71.3882    14.7559   -7.77511       70.5990    14.5509   -7.85267    1.00000    1    1.00000    1.00000 
   7.83693    6.89530   0.197313      0.550585  -0.495309   -2.97261       6.23276    4.70483    21.2574       5.62384    4.73180    19.5167    1.00000    1    1.00000    1.00000 
   1.62913    8.43311    2.22674      0.914401   0.127527   0.513153      0.218691    47.3531   -1.06242      0.217710    47.2869   -1.02051    1.00000    1    1.00000    1.00000 
   1.47455    8.33884   0.794727     0.0658790  -0.374325    1.23867      -25.3076    2.72985    12.3597      -25.2101    2.92813    12.3471    1.00000    1    1.00000    1.00000 
  0.319975    8.09627    2.08203       2.77334    1.26473   0.907052       1.70634  0.0150630    1.97007       1.79648 -0.0115450    1.90641    1.00000    1    1.00000    1.00000 
   1.21367    6.99273   0.347379      -1.80688  -0.594642   0.947571       17.6451 -0.0337404    14.9028       16.8309   0.127264    14.4551    1.00000    1    1.00000    1.00000 
  0.340682    7.30818    1.25966       1.09007    2.60298   0.595982      -1.76176    1.18745   -3.31846      -1.88826    1.54602   -3.29868    1.00000    1    1.00000    1.00000 
   2.25545    8.01348   0.269588      0.101371    1.48101   0.184523       4.26796   -5.28518    1.48856       4.21151   -3.54057    1.64293    1.00000    1    1.00000    1.00000 
  0.736598    8.18437   0.110412      0.129483   0.892344    1.89203      -12.8128   -7.83593   -8.92771      -12.9162   -7.58742   -8.67604    1.00000    1    1.00000    1.00000 
   2.24931    8.65889    1.34811      -1.14596   0.942708   0.769195       18.4584    8.47197    9.93550       18.1145    8.32420    9.82364    1.00000    1    1.00000    1.00000 
 0.0365264    8.95962   0.212341       1.21103   0.296318    1.29347      -9.08219    12.3846    9.35613      -8.86703    12.2108    9.17752    1.00000    1    1.00000    1.00000 
   3.79569    8.26707   0.679492      -1.47882    1.52536   -2.35984     -0.211298  -0.376746  -0.982214     -0.260740 -0.0693789   -1.03394    1.00000    1    1.00000    1.00000 
   2.56887    8.95242  0.0266118     -0.266610   -2.41001  -0.946488       4.17608    2.02238   -4.02501       3.80763   0.199631   -3.56758    1.00000    1    1.00000    1.00000 
   2.54926    7.35362    1.27003       1.27694   0.727220    3.08222      -2.20036   0.379902  -0.471905      -2.11725   0.456709  -0.418353    1.00000    1    1.00000    1.00000 
   3.36060    7.64830    2.06335      -2.20263  -0.294063  -0.898798       9.90384    7.51997   -7.09625       9.48478    7.28172   -6.82075    1.00000    1    1.00000    1.00000 
   3.15056    9.04146    2.01175       2.04742  -0.740001   -1.24159     -0.534184   0.422239    2.17241     -0.530000   0.473894    2.13938    1.00000    1    1.00000    1.00000 
   4.56346    8.68480    2.07217      -1.32900    1.95508   0.296787       3.76460   -5.11813 -0.0849647       3.66309   -4.81913 -0.0925336    1.00000    1    1.00000    1.00000 
   5.96315    7.01275    1.12498       1.06323 -0.0907622  -0.838836      -15.8728    8.88797   -51.0104      -14.4650    9.68148   -51.3549    1.00000    1    1.00000    1.00000 
   5.02261    7.69235    1.60154      0.339367   -1.33992  -0.405653       5.01966   -4.32931    16.2136       4.64991   -4.77830    16.3859    1.00000    1    1.00000    1.00000 
   5.34884    8.25428   0.765262       1.25955    1.13805   -2.68430      -4.90741    9.70641   -8.33640      -3.92372    10.5004   -8.58692    1.00000    1    1.00000    1.00000 
   4.61002    7.51933   0.671565      -1.03046  -0.535056    1.50866      -14.2584    5.06799   -18.9100      -14.2337    4.22055   -18.2578    1.00000    1    1.00000    1.00000 
   6.33686    8.43583   0.934296     -0.673785    1.61906  -0.692947       16.0410   -2.07481   -3.56063       15.6400   -2.09850   -3.63432    1.00000    1    1.00000    1.00000 
   5.73585    8.53981    1.86224       1.47170   -1.52938   0.818031       3.27270   -17.6150    7.22443       3.45297   -18.0247    7.42958    1.00000    1    1.00000    1.00000 
   6.16152    7.50180   0.225590      -2.01426  0.0182498   0.989523      -12.4819    22.3742    10.4098      -13.2285    23.4320    10.6481    1.00000    1    1.00000    1.00000 
   6.85426    7.42531    1.15805      -2.21372   0.647686   0.701411       20.6040    44.0460    3.32168       18.8532    44.5172    3.28224    1.00000    1    1.00000    1.00000 
   4.63413    9.19689    1.04682      0.573905   -1.57208  -0.190938      -5.39234   -8.46350    1.44521      -5.81202   -8.75485    1.33708    1.00000    1    1.00000    1.00000 
   8.30004    8.89398   0.899469      0.232867  -0.978820    1.33044     0.0601496  -0.425978   -1.69832      0.135481  -0.440391   -1.64324    1.00000    1    1.00000    1.00000 
   8.10236    7.76330    1.30480      0.703999   -1.00729    1.89480      -1.23511    2.29241   -4.36533      -1.25425    2.23678   -4.34646    1.00000    1    1.00000    1.00000 
   7.70597    8.06216   0.221205       1.21482  -0.213577  -0.772352       15.6303   -8.23578    4.17477       16.3690   -8.56555    4.40611    1.00000    1    1.00000    1.00000 
   8.87673    7.95161   0.415300      0.245636   0.858552   0.932036      -4.38898   -5.52620    1.05872      -4.41525   -5.48884    1.05355    1.00000    1    1.00000    1.00000 
   7.26481    9.00386   0.457094     -0.222924    1.08050   -3.01365       1.37538    12.6176   0.455226       1.15257    12.7077   0.437523    1.00000    1    1.00000    1.00000 
   7.08485    8.27387    2.10397      -1.64660   -3.01649   0.483228      -2.71069  -0.803888   -9.07583      -2.54256  -0.669706   -8.85625    1.00000    1    1.00000    1.00000 
   1.20234    1.23530    2.87228    -0.0584293   0.263633  -0.679710      -21.9368    10.0153   -7.63367      -22.4619    10.3640   -8.27068    1.00000    1    1.00000    1.00000 
   2.23225    1.11635    2.82495      0.824229   0.549790   0.582708       17.6709    2.09710   -27.7645       17.7857    2.25924   -28.7313    1.00000    1    1.00000    1.00000 
   1.69617   0.693314    3.58287      0.441358   0.141983    1.83436      -4.03627    6.07862    27.4073      -4.14134    4.98454    28.7106    1.00000    1    1.00000    1.00000 
   1.87629    1.77658    3.57838      -2.62244    1.88007  -0.722315      -8.48425   -46.6998    7.14379      -8.48960   -45.9824    7.68474    1.00000    1    1.00000    1.00000 
  0.376599    1.46029    3.87661     -0.174523   -1.56003   -2.87598       36.6346    37.5423    46.6800       33.0435    32.1958    41.4445    1.00000    1    1.00000    1.00000 
  0.880025  0.0225455    3.40379      0.223378 -0.00189028   0.365596      -2.87921   -2.91484   -3.65546      -2.92847   -2.97528   -3.64798    1.00000    1    1.00000    1.00000 
   1.41453   0.118041    4.41597       1.35852    2.33438   -1.22281       3.71124   -5.79163 -0.0630150       4.11305   -5.42528  -0.937248    1.00000    1    1.00000    1.00000 
  0.991577    2.25703    3.11651      0.859941   -1.32795   -1.86005       3.10368  -0.403118    8.28639       3.20067  -0.613793    8.27347    1.00000    1    1.00000    1.00000 
   4.29657   0.463263    4.06796      -1.53904   -2.37979    2.45322      -8.05613   -10.5086    9.40067      -8.32553   -11.3210    10.0576    1.00000    1    1.00000    1.00000 
   4.26357    1.00728    3.16720       1.47274   -1.60682   -1.30968      -1.17442   -5.63518  -0.303868     -0.727183   -5.39143   -1.09929    1.00000    1    1.00000    1.00000 
   2.76611   0.913985    3.70394       1.24052   -1.75920    3.16148      -1.90329    7.23082    16.1041      -1.76147    6.99434    17.5463    1.00000    1    1.00000    1.00000 
   2.94814    2.00106    2.58718       1.19878   -1.45594   -2.11601      -8.44089    6.07937    32.2880      -7.98625    5.00044    30.4388    1.00000    1    1.00000    1.00000 
   3.72380    1.53424    4.34477      0.676006    1.97687   0.586729     -0.277993    1.87252  -0.116199     -0.302601    1.89775  -0.105333    1.00000    1    1.00000    1.00000 
   3.29988   0.713502    2.84485       1.38099  -0.465969   0.220086      -1.33713   -6.79444   -14.0605     -0.797255   -6.86311   -14.5886    1.00000    1    1.00000    1.00000 
   4.44505    2.06328    3.14416      -1.13437   0.562309   -1.47882       2.39256   -8.21670    10.3728       2.40413   -7.73241    10.2454    1.00000    1    1.00000    1.00000 
   2.97578   0.308721    4.56129     -0.422216  -0.393063  -0.446514       8.53631    3.50439    3.84178       8.30739    3.70621    3.41155    1.00000    1    1.00000    1.00000 
   5.21047    1.28509    2.81178     -0.979575   -1.94979    2.43748       6.22403   -8.35625    9.79254       5.83305   -8.39104    10.4739    1.00000    1    1.00000    1.00000 
   5.80907    1.43275    4.57372     -0.293341 -0.0402054    1.23465     -0.675911  -0.228026    1.75456     -0.681535  -0.198284    1.79080    1.00000    1    1.00000    1.00000 
   6.18611   0.349637    3.45269       3.05926   -2.61146    1.93323       49.3861   0.884009   -28.9174       50.7564    1.17739   -30.0069    1.00000    1    1.00000    1.00000 
   6.59474    1.24264    2.94285      0.725417  -0.635867   0.976058      -2.88869  -0.750405    9.96253      -2.62853   -1.07303    10.1217    1.00000    1    1.00000    1.00000 
   5.68357    2.10866    3.19997      -1.06850  -0.430647   -1.47604       2.76918    10.5264    2.51941       2.59207    10.2805    2.49916    1.00000    1    1.00000    1.00000 
   4.82774    1.37410    4.01825      0.812394   -1.22058   -1.52717       5.84485   -4.89034   -4.63585       6.08013   -4.73147   -4.68405    1.00000    1    1.00000    1.00000 
   5.36757   0.325538    3.94098     -0.750298    2.10142  -0.500276      -43.2737    2.03914    30.1795      -44.5568    1.82961    31.3947    1.00000    1    1.00000    1.00000 
   6.75669    2.22492    3.20707      0.493677   0.929739    1.17299       6.50014    16.2060    3.18133       6.72850    16.6451    3.30911    1.00000    1    1.00000    1.00000 
   5.29537  0.0917769    2.73372      0.998209   0.969508  -0.971130       1.80195    6.83713   -6.72878       1.72331    6.79837   -6.70810    1.00000    1    1.00000    1.00000 
   7.10106    2.26035    4.42543     -0.144393    2.27978  -0.199348       10.4814   -25.1819   -9.98504       10.2242   -24.1824   -9.76200    1.00000    1    1.00000    1.00000 
   7.86184    2.26092    3.22952       1.42462    1.49658  -0.682773      -23.6436   -50.8688   -1.81036      -22.1907   -50.7153   -2.46015    1.00000    1    1.00000    1.00000 
   8.07495   0.333230    3.36522     -0.752449   -1.76089   -3.05189       67.2667   -9.77319    54.2870       67.1128   -9.57015    54.5320    1.00000    1    1.00000    1.00000 
   8.51094    1.51043    3.81348      0.733131   0.251000  -0.126042      -18.2784   -12.3609    18.8481      -17.6500   -11.8549    17.9329    1.00000    1    1.00000    1.00000 
   7.35834   0.471028    2.79301      -2.44948   0.710051  -0.488337      -69.9689    8.94939   -44.0629      -70.0121    9.02816   -44.1860    1.00000    1    1.00000    1.00000 
   7.10912   0.970380    3.96427      0.409249    2.89742   -1.38084      0.789162   0.535384   -6.88009      0.773041   0.596659   -7.08164    1.00000    1    1.00000    1.00000 
   8.77936   0.194605    2.49369       1.71852   0.354602   -1.31126      -8.20629  -0.425320    5.36454      -7.94396  -0.673186    4.75018    1.00000    1    1.00000    1.00000 
   8.39789    1.34961    2.71630      -2.27050   0.738645    2.34462      -12.7298   -9.98984   -2.26928      -12.8767   -9.63787   -1.98519    1.00000    1    1.00000    1.00000 
   9.19009   0.881957    3.25547       1.41724    1.48284    2.18705      -24.1475   -52.5336   -52.3772      -20.6181   -47.5893   -46.8091    1.00000    1    1.00000    1.00000 
   8.89872    2.17265    3.17014      -1.05809   -2.01579   0.134509       17.9821   -19.9721   -34.6595       17.2855   -20.0430   -33.5399    1.00000    1    1.00000    1.00000 
   1.03091    4.37869    2.42653    -0.0316210   -1.67848  -0.403329       17.1933   -26.3589    23.3282       17.8622   -27.4218    24.4589    1.00000    1    1.00000    1.00000 
   1.78872    2.57556    4.18489       1.29057  -0.239873  -0.204321      -10.7843    9.93249    37.2999      -10.5833    9.25068    36.5980    1.00000    1    1.00000    1.00000 
   2.19363    2.64710    3.27726       3.01123   0.731727    1.26895       12.4698    40.6011   -44.3459       12.9103    40.2329   -43.9384    1.00000    1    1.00000    1.00000 
  0.336857    4.35549    3.81728       2.08021    1.67468    1.11130     -0.959982    1.58617   -12.6677     -0.307518    1.53682   -11.0384    1.00000    1    1.00000    1.00000 
   1.36458    3.32289    3.54357     -0.756384    1.24530  0.0237518      -6.91173    3.23513   -1.65974      -7.14288    3.64873   -1.68777    1.00000    1    1.00000    1.00000 
  0.672357    2.33707    4.30437       1.49631   -2.11228   0.824693       5.85568    12.9011   -32.4866       6.13230    13.5920   -30.8688    1.00000    1    1.00000    1.00000 
   1.29049    4.42507    4.25649      -2.50911  -0.252880   0.541454      -49.3447   -9.75357    31.9830      -51.2126   -11.6435    30.1924    1.00000    1    1.00000    1.00000 
  0.320896    2.95926    2.72546     -0.108580   -2.27852    1.34735      -5.72594    9.98976   -8.56229      -5.70991    9.81587   -8.14299    1.00000    1    1.00000    1.00000 
   1.92690    4.28276    3.56157      -2.26938   0.578450    1.08432       35.2336   0.414404   -29.0263       34.7908   0.672218   -28.2878    1.00000    1    1.00000    1.00000 
   2.16891    3.73233    2.72187      -1.07603  -0.183665  -0.706740       2.01764   -7.06035   -11.2179       2.15820   -7.43284   -11.7248    1.00000    1    1.00000    1.00000 
   3.47914    4.48773    4.10343      0.821836    1.65030   -2.47964       6.90509   -2.57162   -10.7048       7.15265   -2.79893   -11.3351    1.00000    1    1.00000    1.00000 
   4.24309    3.56762    3.51592      -1.01460   -1.01646   0.642182      -1.29447    2.38322    1.18302      -1.16261    2.24281    1.24121    1.00000    1    1.00000    1.00000 
   2.90038    3.41121    3.99995      -1.51467   -1.02470  -0.694776      -3.32227  -0.439982    2.50774      -3.36122  -0.399498    2.50582    1.00000    1    1.00000    1.00000 
   3.77492    2.75556    4.26704      -1.53917   -2.23385   0.492491       16.5552    8.97456    9.53853       16.0200    8.65452    9.36204    1.00000    1    1.00000    1.00000 
   3.06981    2.31595    3.69766     -0.822983   -1.07539    1.24401      -4.46256   -17.4091   -3.38902      -4.67634   -16.8703   -3.30955    1.00000    1    1.00000    1.00000 
   4.48193    2.91398    2.57924      -3.08575   0.347313  -0.561863      -5.23635    6.76994   -4.36133      -6.02641    6.19463   -4.31196    1.00000    1    1.00000    1.00000 
   4.59204    4.35136    2.70522     -0.185988    4.21025  -0.487331       2.57495  -0.393596    3.39897       2.60349  -0.354728    3.26495    1.00000    1    1.00000    1.00000 
   6.24205    2.87015    2.39077     -0.149243    1.20517  -0.582150       5.50301   0.243492    3.55347       5.30300   0.419123    3.59813    1.00000    1    1.00000    1.00000 
   5.85844    3.76011    4.49762     -0.865655  -0.615248  -0.963311       2.00254   -45.2606   -6.17632       1.96694   -45.0546   -6.28373    1.00000    1    1.00000    1.00000 
   4.81382    2.32828    4.39654      0.546429   -1.20111  -0.270457      -38.4645    19.5459   -59.0667      -38.2000    19.8155   -58.8219    1.00000    1    1.00000    1.00000 
   5.53783    4.04858    3.43018      -1.95047   -1.26531   -1.05753      -27.6977   -18.1988    21.6806      -29.2767   -19.3066    23.1283    1.00000    1    1.00000    1.00000 
   5.15987    2.98920    3.59902      -2.24820 -0.0156803    1.07671       3.78073    2.41027   -2.84135       3.54833    2.58261   -2.72893    1.00000    1    1.00000    1.00000 
   6.37148    3.24597    3.60290       1.48065  -0.189386   0.873361      -9.08436   -8.15898   -1.93750      -8.69031   -8.06656   -1.86240    1.00000    1    1.00000    1.00000 
   6.19330    4.53999    2.90094       2.17024    2.86890    1.53318       24.0191    20.9699   -20.9015       25.7065    22.1415   -22.3966    1.00000    1    1.00000    1.00000 
   4.84624    4.17851    4.34840     -0.636062    1.40244   -1.24416       16.2431   -81.9412    27.8377       14.6552   -74.3710    25.2493    1.00000    1    1.00000    1.00000 
   5.35462    3.43224    2.42874     -0.179774  -0.712330   0.467346       4.94243    13.0608   0.177255       5.57222    13.2942  0.0816455    1.00000    1    1.00000    1.00000 
   8.48944    3.96821    3.99138      0.968467   0.824180  0.0423547       52.5022   -12.2434   -6.83197       52.8882   -11.9343   -7.96894    1.00000    1    1.00000    1.00000 
   7.47291    3.04017    3.75357      -2.45065    1.45590    1.21744       15.6271   -64.1323   -21.0165       13.4594   -61.2585   -19.7090    1.00000    1    1.00000    1.00000 
   7.13856    3.90016    3.87990     -0.852954   0.171344    1.81147      -36.6967    84.6366   -9.46406      -35.6095    82.2542   -8.80194    1.00000    1    1.00000    1.00000 
   9.15825    4.19297    2.82857      0.484538  -0.386364  -0.170441      -6.00139    3.03450    12.4326      -6.17521    3.13878    12.6013    1.00000    1    1.00000    1.00000 
   8.22788    3.07926    4.43659     -0.524925    1.13435    1.89704       9.75292   -18.9239    11.7064       9.91102   -18.8772    12.5023    1.00000    1    1.00000    1.00000 
   9.12181    2.92823    3.74079       1.29021   -2.77904   -2.17441       15.0995    31.7812    35.5358       14.7433    31.1250    34.3330    1.00000    1    1.00000    1.00000 
   8.34287    3.08453    3.06623       1.56765  -0.165083  -0.170259       12.5739    46.2769   -13.4971       12.3776    45.3060   -13.3323    1.00000    1    1.00000    1.00000 
   8.09802    4.43736    3.23187       1.93221  -0.844249  -0.487879      -17.1207    16.1092   -28.9284      -16.8604    15.7979   -28.5587    1.00000    1    1.00000    1.00000 
   7.20655    3.54562    2.84013     0.0312444    1.16510 -0.0454589      -1.16721  -0.880335   -4.01114      -1.18731  -0.914424   -4.15388    1.00000    1    1.00000    1.00000 
  0.843165    5.39405    3.81006     -0.495810 -0.0736515    1.08938      0.243593   -13.6799   -3.67276      0.213856   -13.3277   -3.56380    1.00000    1    1.00000    1.00000 
   1.54756    5.86136    3.04616      -1.78506   0.431109   0.660465      -12.5181    33.1913    29.1164      -12.7622    34.1552    29.9120    1.00000    1    1.00000    1.00000 
   2.13120    6.14612    4.52828     -0.338382    1.37078    1.66338     -0.263198    3.71122    1.34275     -0.302197    3.61963    1.41801    1.00000    1    1.00000    1.00000 
  0.708078    6.42686    3.69452      0.983131   -1.80253   0.358947      -1.48051    6.10953   -3.85170      -1.44637    5.58019   -3.70570    1.00000    1    1.00000    1.00000 
   1.81528    5.15339    2.44401      0.941412  -0.505122   0.462050       15.3277   -32.8586   -27.4665       15.6990   -33.6273   -28.3955    1.00000    1    1.00000    1.00000 
   3.67213    5.82433    4.06886     -0.179926   0.525630    1.46011       10.8707   -1.43790    15.4247       11.2482   -1.66015    15.5107    1.00000    1    1.00000    1.00000 
   2.97006    5.23358    2.93410       1.44827   0.850942   0.915504      -8.37169   0.166442    13.2337      -8.29503    1.08800    13.6646    1.00000    1    1.00000    1.00000 
   2.83984    6.15451    3.57455      0.419883  -0.519037   -3.68348      -30.5039   0.549971    4.89393      -29.8836    1.03854    3.78231    1.00000    1    1.00000    1.00000 
   3.99835    5.40164    3.17025     -0.257654    3.83774   0.277321       6.91516   -2.08551  -0.492325       6.47096   -2.10273  -0.162146    1.00000    1    1.00000    1.00000 
   3.55998    6.47913    2.95913      0.249524   -1.99228   0.396150       47.2972    21.6472    22.2766       47.5647    21.4361    24.3798    1.00000    1    1.00000    1.00000 
   5.46690    6.43397    3.10386       1.62189  -0.370815   0.215998       31.7500    6.80785   -19.2187       31.1618    6.80698   -18.7099    1.00000    1    1.00000    1.00000 
   5.48187    5.35108    3.43457      -1.88443   0.771035   0.986512       5.56020   -1.51717    3.64997       5.48094   -1.64619    4.03602    1.00000    1    1.00000    1.00000 
   5.94393    6.25790    4.15213     -0.820247    1.31798   -1.57295      -18.8127   -37.5937   -5.82862      -19.1454   -38.2165   -5.84755    1.00000    1    1.00000    1.00000 
   6.58771    5.87025    2.86706      0.919988  -0.184944   -1.19127       4.94129    1.05772    10.7699       5.56518    1.20451    10.7871    1.00000    1    1.00000    1.00000 
   5.69242    5.60698    2.42919     -0.626795   -1.83126   -1.59465      -5.14651    10.8460   -5.85520      -5.72031    9.72561   -6.95681    1.00000    1    1.00000    1.00000 
   6.84470    5.09030    3.61928     -0.757092   0.706361    1.92867      -58.7191   -5.30995   -23.4679      -60.0180   -5.51154   -24.2456    1.00000    1    1.00000    1.00000 
   5.88055    4.73067    4.53211       1.30746   -1.12348  -0.381971      -5.21337    38.7699   -13.7237      -5.04396    38.5897   -13.8265    1.00000    1    1.00000    1.00000 
   4.66471    5.03494    4.04211      0.935972   -3.34528    1.71928      -23.5276    81.3951   -25.1730      -21.8824    73.8746   -22.5086    1.00000    1    1.00000    1.00000 
   4.63269    6.34560    3.60939       1.82204  -0.908392   -1.45462      -32.0575   -2.85291    8.98031      -31.4114   -2.61218    7.69818    1.00000    1    1.00000    1.00000 
   7.70228    5.13932    4.01530       1.09651   0.579257    1.15878       58.7327  0.0574594    28.5244       59.9644   0.239341    29.3235    1.00000    1    1.00000    1.00000 
   7.21262    6.34200    4.30567       2.00201    2.41739    1.48399      -3.07170  -0.814365 -0.0591421      -3.03259  -0.754585  -0.154199    1.00000    1    1.00000    1.00000 
   8.81273    5.02142    4.36477     0.0341557   0.906799  -0.854081      -4.14810   -4.02997    4.41291      -4.13684   -4.20366    4.46264    1.00000    1    1.00000    1.00000 
   8.93526    5.78131    3.64619      0.604295 0.00755796   -2.66308       3.87248    2.33513   -4.95607       3.82495    2.63571   -5.20159    1.00000    1    1.00000    1.00000 
   8.62921    5.56137    2.51714     -0.139422   0.468876  0.0940132      -1.01428   -4.13278    3.39014      -1.01514   -4.11059    3.42231    1.00000    1    1.00000    1.00000 
   7.40373    5.28911    2.40421     -0.688785   0.919958    1.10260       6.05121    1.02474    2.74176       6.07775    1.21909    2.97179    1.00000    1    1.00000    1.00000 
   8.64984    6.65590    3.05833     0.0208958   -2.14174  -0.623935      -6.06783   -2.00500   0.331784      -5.77072   -2.10168   0.391048    1.00000    1    1.00000    1.00000 
  0.970372    7.91874    3.04049      0.187109   -2.53664   0.892239       1.01694   0.416115    8.24662       1.40294  0.0743120    7.62040    1.00000    1    1.00000    1.00000 
   1.72299    6.96090    3.20758      -1.37710   -1.03926  -0.515483      0.911459   -3.13213    11.2221      0.784792   -2.91493    10.7474    1.00000    1    1.00000    1.00000 
 0.0950814    7.62050    4.08543      0.594008    1.80148   -2.29399       4.40217    2.06473   -4.41309       4.54399    2.42018   -5.07269    1.00000    1    1.00000    1.00000 
   1.18006    7.25979    4.20567    -0.00717897   0.158069 -0.0540340      -1.68705   -44.9888   -10.9377      -1.74252   -44.1798   -10.7607    1.00000    1    1.00000    1.00000 
  0.397327    6.90254    2.72675      -1.88322  -0.694447   -1.64311      -6.10876    42.8772    16.8117      -6.44848    43.0843    16.9441    1.00000    1    1.00000    1.00000 
   1.26892    8.19347    4.41216      -2.81498  -0.275833  -0.742596      -5.69227    56.3684    6.64603      -5.86811    55.6510    6.45931    1.00000    1    1.00000    1.00000 
   2.06306    9.08190    3.10338     -0.812874  -0.384474    2.06783       4.69082   -13.5941   -10.7382       4.69225   -13.4747   -10.5634    1.00000    1    1.00000    1.00000 
   2.29055    7.95070    3.54319      -1.67367   0.251749    1.00095      -43.3684   -57.1093   -14.2171      -44.3562   -57.8168   -13.9851    1.00000    1    1.00000    1.00000 
   1.58052    7.47344    2.31778      -2.08887   0.652503    3.28619       3.07130   -44.6018   -12.2265       2.78634   -44.4292   -11.2508    1.00000    1    1.00000    1.00000 
   3.12327    7.38479    3.58006      -1.59484   -2.28956   0.665636      -12.9114   -11.9635    4.45602      -12.3164   -12.0728    4.56508    1.00000    1    1.00000    1.00000 
   3.18577    8.16823    4.56951      -1.08616    3.52548  -0.306152      0.742230   -3.52573   -3.60432      0.455544   -3.44893   -3.88682    1.00000    1    1.00000    1.00000 
   2.42238    8.70681    4.08304      -1.53401    1.30892   0.798534     -0.633109    59.4014    39.6309     -0.292574    60.0487    40.2165    1.00000    1    1.00000    1.00000 
   3.71636    8.34505    3.00214      -1.26369   -2.24666   0.122255       3.24233  -0.879876  -0.117215       3.29541  -0.977012 -0.0596852    1.00000    1    1.00000    1.00000 
   4.10662    7.43791    3.57601      -1.83068   0.984215  -0.148757       34.2860  -0.747574 -0.0196084       34.2028  -0.724383 0.00285192    1.00000    1    1.00000    1.00000 
   2.67746    8.24698    2.68745      -1.12820   -1.52129   -1.24729       6.90954    7.19175   -27.8551       7.34714    7.34369   -28.7224    1.00000    1    1.00000    1.00000 
   2.75074    7.04514    2.62980      -1.32118    1.06994   -1.47372      -21.5457   -3.03829    1.50753      -21.9505   -2.31530   0.949757    1.00000    1    1.00000    1.00000 
   6.12628    7.55269    2.63822     -0.330764   -1.07681   0.200027      -3.78785   -2.61454   -2.05549      -3.80808   -2.62464   -2.03153    1.00000    1    1.00000    1.00000 
   5.65835    8.34171    4.06171    -0.0555669   0.750756   0.440885     -0.730030    25.8203   -9.35694      -1.11840    26.1226   -9.31498    1.00000    1    1.00000    1.00000 
   5.48698    7.41117    3.68627      0.453739  -0.597972   0.231269      -8.94341   -15.8687   -9.27897      -9.16339   -16.1877   -9.50596    1.00000    1    1.00000    1.00000 
   4.91072    7.40893    2.67041      0.778288   0.864844  -0.281678      0.751860   -3.09986    2.64950      0.756682   -3.08426    2.58133    1.00000    1    1.00000    1.00000 
   6.36822    7.12624    4.24062      0.902359    1.20159    2.77787       21.9662    30.4285    3.35145       22.2866    31.3269    3.48947    1.00000    1    1.00000    1.00000 
   4.75047    8.75116    3.48676      0.303186   0.538195   -2.91341      -5.77271   -3.92387  -0.147546      -5.81625   -3.94533  -0.343516    1.00000    1    1.00000    1.00000 
   4.67872    8.08928    4.36364       1.17616   -1.67923   -3.56938      -8.28751   -4.22614    4.82752      -7.99773   -4.23619    4.75022    1.00000    1    1.00000    1.00000 
   7.53952    8.56330    3.02499      0.163739  -0.802407   -3.30482       4.00908    3.06178    6.85409       3.97189    2.91588    6.53188    1.00000    1    1.00000    1.00000 
   8.25426    7.85078    3.62109       1.45255   0.754363   0.279383      -1.04474   -1.23942   -2.81174     -0.889094   -1.24132   -2.80105    1.00000    1    1.00000    1.00000 
   9.17934    8.30346    3.15672       1.37413   -2.32612    1.86568      -4.27699    2.99668  -0.757345      -4.20399    2.84969  -0.563677    1.00000    1    1.00000    1.00000 
   7.14420    7.91965    3.95011      0.974281   0.570670  -0.446529     -0.783902   -4.25059   -1.36177     -0.813110   -4.48534   -1.39398    1.00000    1    1.00000    1.00000 
   7.19979    8.99156    4.11301     -0.616954    3.34944   -2.51980     -0.554361    7.62115   -2.14436     -0.521476    7.86501   -2.04053    1.00000    1    1.00000    1.00000 
   8.38680    8.18862    2.32590     -0.973536    1.24929    1.50920     -0.553279    2.26908    1.54639     -0.769178    2.30801    1.59913    1.00000    1    1.00000    1.00000 
   7.60523    6.90695    3.14637       1.07342    1.09714   0.608307      -4.92017    2.22524    1.15399      -4.92456    2.19027    1.14529    1.00000    1    1.00000    1.00000 
   1.67008   0.801063    5.61826     -0.173382    1.44453  -0.526301       4.74503    11.2881    2.44581       5.08363    12.0788    2.54016    1.00000    1    1.00000    1.00000 
  0.644204   0.610506    6.48099     0.0754977   -1.11982   -2.00614       9.58221    45.5120    5.13848       9.11650    42.7846    3.53358    1.00000    1    1.00000    1.00000 
  0.140628    1.42995    5.12212      -1.50900   -1.19958   -1.50140       33.8679   -39.5691   -3.38166       30.6179   -35.6195   -2.68161    1.00000    1    1.00000    1.00000 
   1.05281    1.71155    6.00333      -2.26587  -0.496799   0.713943      -7.53632   -4.82069    2.56477      -7.89648   -4.91716    2.64607    1.00000    1    1.00000    1.00000 
   1.22825    1.49642    4.81600      0.497320   -2.41652   0.502169       18.4437    30.1150   -8.54873       17.8124    29.0910   -8.17394    1.00000    1    1.00000    1.00000 
  0.738015   0.676816    5.04965      -1.47741    1.42787    1.00317      -1.30700   -50.9380    1.92294      -2.39244   -47.7374    1.33683    1.00000    1    1.00000    1.00000 
   2.09720    1.86376    5.97961     0.0712137  -0.298945   -1.56096       6.75418   0.756886   0.695486       7.18169   0.883712   0.647779    1.00000    1    1.00000    1.00000 
   3.80489    1.70756    6.39383       3.32264    1.65049    2.13246       3.72505   -1.45537  -0.314133       3.69478   -1.43246  -0.274252    1.00000    1    1.00000    1.00000 
   4.34341   0.604703    6.33602     -0.610750  -0.415570   -1.16980       1.23979    2.72015   -3.14848      0.988541    2.85218   -3.50013    1.00000    1    1.00000    1.00000 
   4.28963    1.80305    5.34727      0.494866  -0.109333   -1.18935      -7.77869   -25.8320    1.02938      -7.68494   -26.0954    1.01405    1.00000    1    1.00000    1.00000 
   3.63093   0.878929    5.55456       2.85076   0.218189  -0.109585       2.51746    10.6816   -6.75657       2.59121    10.2289   -6.53858    1.00000    1    1.00000    1.00000 
   2.52425    1.51921    4.76024      -2.55914   0.191849   0.948621      -14.5293   -23.4794   -7.60109      -14.4455   -23.5286   -7.68555    1.00000    1    1.00000    1.00000 
   5.26191    2.21693    5.20898     -0.157765   0.443575   0.143632       35.3520   -18.7070    69.8573       35.0788   -19.4623    69.4813    1.00000    1    1.00000    1.00000 
   6.05747   0.414615    5.04284      0.257798   -1.13321  -0.521531      -20.2781   -5.94965   -21.8412      -20.3680   -5.88877   -22.1447    1.00000    1    1.00000    1.00000 
   6.00956   0.322402    6.05042    -0.0567592   -1.17997   0.424137      -6.69986   -11.2639    22.4825      -6.82422   -11.4914    22.8994    1.00000    1    1.00000    1.00000 
   5.03458    1.03440    5.39660      0.490617    1.74254   -2.05478       7.91548 -0.0257978   -5.78079       7.85997   0.138315   -5.85357    1.00000    1    1.00000    1.00000 
   5.06608    1.56931    6.32197      0.454189    1.90063   -1.45366      -16.7375   -1.52591   -2.18665      -17.0502   -1.45652   -2.10719    1.00000    1    1.00000    1.00000 
   6.02559    1.74700    6.64214      0.800202   0.928167    1.96120       5.66195   -4.80064   -25.9667       5.99570   -4.50461   -24.8579    1.00000    1    1.00000    1.00000 
   6.43970    1.19932    5.67832     -0.180225  -0.547048   -1.50080      -8.87912    10.2675    2.33789      -8.70421    10.0824    1.91107    1.00000    1    1.00000    1.00000 
   6.89267    2.05826    6.08556       1.25532   -1.15525   0.510385       8.68566   -16.5188   -40.0150       8.82275   -16.2842   -39.8960    1.00000    1    1.00000    1.00000 
   4.66176  0.0387404    5.40336       2.50216   0.623733   0.808351       48.6037    23.4762    38.3761       48.5803    23.4665    38.5976    1.00000    1    1.00000    1.00000 
   8.66607   0.749425    5.73885     -0.767584   -1.62533   0.847801      -1.66829    6.53676    3.48012      -1.66380    6.16853    3.53158    1.00000    1    1.00000    1.00000 
   7.52009    1.23351    5.81764      0.607065 -0.0627876    1.18039       12.5189    1.48837   -3.06886       12.4936    1.67754   -2.87565    1.00000    1    1.00000    1.00000 
   7.17667   0.630734    6.60977     -0.933403    1.00373    1.42481      -1.71600   -4.33518    7.13077      -1.75484   -4.33126    7.13853    1.00000    1    1.00000    1.00000 
   8.04345    1.27150    4.83838     0.0672730   0.131367  -0.682590       2.37088  -0.972394  -0.725163       2.38580  -0.970285  -0.825633    1.00000    1    1.00000    1.00000 
   7.04398   0.679036    5.00473    -0.0126304    1.50435  -0.300642       20.5185   -3.99566   -5.77820       20.4040   -3.91583   -5.39912    1.00000    1    1.00000    1.00000 
   8.68922   0.155925    4.81244      -1.16362    1.30769   -1.46554      0.403602    5.73946   -9.31476      0.336683    5.91736   -9.76954    1.00000    1    1.00000    1.00000 
   8.75831    2.14098    5.16706       3.07968   -3.21137    2.61865      -65.6788    74.0786    3.72586      -61.5123    68.5052    2.91322    1.00000    1    1.00000    1.00000 
   8.24700    1.25105    6.79231    -0.0698978    1.01314   -4.10682      -4.85154   -4.08851   -7.07282      -5.01481   -4.15731   -7.41658    1.00000    1    1.00000    1.00000 
   1.44109    2.79586    6.23297      -1.06786   -1.36855   -2.06155      -8.00122    11.6602   -11.9832      -8.27912    13.0355   -13.9586    1.00000    1    1.00000    1.00000 
   1.90621    2.69477    5.25776       2.49981   0.310736   0.803641      0.772549    1.03375   -2.18997      0.727621   0.967779   -1.86683    1.00000    1    1.00000    1.00000 
  0.952979    3.48805    4.62641      -1.05275   -1.92486   -2.24324       5.88957   -6.80231   0.578887       5.81864   -6.83084   0.658361    1.00000    1    1.00000    1.00000 
  0.389755    3.27448    5.85574     -0.114421   -2.50453   0.356056      -6.83207   -7.52559    5.06658      -7.64434   -8.76949    4.27096    1.00000    1    1.00000    1.00000 
  0.666676    2.40667    5.27492       3.57009    1.94206   -1.46356       27.2653   -21.2569    48.1021       26.1065   -20.0769    46.3948    1.00000    1    1.00000    1.00000 
   1.18731    3.86428    5.95420     -0.393951  -0.285972   0.274138      -16.0691   -23.4393   -65.3986      -15.6306   -23.7636   -64.4907    1.00000    1    1.00000    1.00000 
 0.0351241    3.06984    4.93751       1.07724   -1.72447    2.30710      -9.01355    7.24922   -51.8981      -6.26351    5.80742   -51.4271    1.00000    1    1.00000    1.00000 
 0.0895087    2.58919    6.55839      0.414537  -0.313802 -0.0767085      -1.33490   -9.52573    11.7092      -1.15650   -9.15118    11.3254    1.00000    1    1.00000    1.00000 
  0.169145    4.26177    6.09500      -1.78059   -1.11592   -1.32019      0.238090   0.399926    1.04185     -0.401794    1.14530    1.20176    1.00000    1    1.00000    1.00000 
   1.84837    4.53278    5.55475      -1.72693    2.58183  -0.497781       32.2663    11.6190   -20.3358       31.2001    13.6437   -18.4572    1.00000    1    1.00000    1.00000 
   1.52969    3.99649    6.81827      -1.84073    1.96049  -0.265078       13.4110    19.9029    53.2028       13.0702    19.9535    52.1333    1.00000    1    1.00000    1.00000 
   2.26548    3.98562    4.87062      0.390688  -0.337365   -1.58759       11.6217   -22.1857   -32.3065       12.6988   -23.4893   -34.1435    1.00000    1    1.00000    1.00000 
 0.0854998    4.16485    4.79221       1.73148    1.72311   -2.68588       3.39369   -11.4263    13.3730       3.58651   -10.8818    12.3449    1.00000    1    1.00000    1.00000 
   3.09679    4.48425    6.83971      0.453231  -0.520569    3.60686      -1.96839    2.79674    2.29421      -1.72270    2.56837    2.87612    1.00000    1    1.00000    1.00000 
   2.64863    3.93223    6.02050     -0.865508   0.164015    1.71709      -3.55048  -0.982826   -1.64509      -3.60702   -1.00709   -1.36705    1.00000    1    1.00000    1.00000 
   3.10334    3.38501    5.19756      0.338544  -0.998217   -1.83813       1.89057    3.56971   -5.48369       2.21543    3.34092   -5.82062    1.00000    1    1.00000    1.00000 
   3.29945    2.63674    5.97287      0.365033   -1.52856   -1.40802      0.138439  -0.980606    1.52512      0.131115   -1.01939    1.31700    1.00000    1    1.00000    1.00000 
   4.20721    2.79083    5.27964      -3.70538 -0.0521217   0.565899     -0.927057    23.8666   -2.09969      -1.01760    24.2390   -2.04452    1.00000    1    1.00000    1.00000 
   4.02872    3.85836    5.47649      -1.05825   -1.79532   -1.69552       4.03050    5.20838   -1.03299       3.87050    4.93535   -1.13402    1.00000    1    1.00000    1.00000 
   2.99591    2.37528    4.94193      -1.03295  -0.185879  -0.980314       10.6227    13.1149  -0.125939       10.7169    13.3585 -0.0972904    1.00000    1    1.00000    1.00000 
   3.90948    2.75880    6.89441       1.73175    2.17812   0.502145       100.058   -47.5321   -39.8772       99.8722   -47.9632   -39.8398    1.00000    1    1.00000    1.00000 
   5.49605    3.51775    6.25201      -1.43371    1.38528    2.18178       4.97748    13.5658    51.0456       5.00333    13.7247    51.3029    1.00000    1    1.00000    1.00000 
   5.36391    3.26088    5.33666     -0.892768    3.55392    1.13941      -19.0706   -33.4402   -51.6424      -18.8211   -31.8485   -51.7521    1.00000    1    1.00000    1.00000 
   5.35552    4.26932    5.35869      -2.12408   0.661560   -1.15889      -12.2273    5.17010   0.823352      -12.7915    3.42063   0.717682    1.00000    1    1.00000    1.00000 
   6.31757    3.60880    5.55906     -0.955266 -0.0877478    1.70485       5.22059   -4.94161    8.31022       4.51441   -5.75792    9.03209    1.00000    1    1.00000    1.00000 
   6.77090    4.21345    4.87912       1.15001   0.446208   -1.41261      0.461012    19.0580   -6.02644       1.55302    19.6652   -7.07020    1.00000    1    1.00000    1.00000 
   6.27947    4.28819    6.75775     -0.137379   -1.50403   0.334098       9.08481    16.3948   -37.8634       8.96812    16.5469   -37.6841    1.00000    1    1.00000    1.00000 
   6.13510    2.53922    4.68640      0.650018  -0.607874  -0.135622      -7.54408    10.0268   -1.05609      -7.14997    9.97576   -1.18521    1.00000    1    1.00000    1.00000 
   6.82612    2.60505    6.87060     0.0609061  -0.247512  -0.495319      -34.2522    16.8492    39.2636      -34.6674    16.7034    38.9745    1.00000    1    1.00000    1.00000 
   7.82316    4.20114    5.99819      -2.50524   0.257160    1.30651      -27.4023   -18.2274    8.10716      -28.1189   -18.8431    8.26537    1.00000    1    1.00000    1.00000 
   8.47346    3.46192    5.41424      -1.58644    1.56206   0.284665      -19.3325    21.3176    17.5311      -20.4711    22.1131    18.1514    1.00000    1    1.00000    1.00000 
   7.14172    3.22388    4.71542      -1.21360   0.338299  -0.742791      -12.0795    4.12457    22.1969      -11.8462    3.58387    21.1850    1.00000    1    1.00000    1.00000 
   7.77390    4.03287    4.63527     -0.880023  -0.278457  -0.306067       1.11133    20.6136    48.4668     -0.346352    20.4674    48.5739    1.00000    1    1.00000    1.00000 
   7.82432    2.64678    5.63763       1.04918   -1.27102  -0.629765      -4.93208   -4.93360   -1.56212      -5.01080   -4.93646   -1.53990    1.00000    1    1.00000    1.00000 
   8.51934    4.57157    5.38281     -0.434106   -3.83333   -1.58494    -0.0510241   -23.0295   -26.2578     -0.506989   -25.4990   -27.6417    1.00000    1    1.00000    1.00000 
   1.86285    5.10954    4.66528       1.88221    1.57343    1.13688       17.3725    22.5226    11.2414       18.7700    24.3054    12.6018    1.00000    1    1.00000    1.00000 
  0.317950    6.29153    5.43253       3.15134   -2.98734    1.32260      -15.1585    15.6286    19.8153      -14.7281    15.1137    19.2402    1.00000    1    1.00000    1.00000 
   1.52464    6.08975    6.85527       1.05221   -1.14411  -0.162040       9.47512   -21.2324   -23.5101       9.39163   -21.0748   -23.5983    1.00000    1    1.00000    1.00000 
   1.54405    5.86291    5.60497      0.640391   0.351306    1.26442       2.99153   -9.63434    5.87511       3.13404   -9.69756    6.00747    1.00000    1    1.00000    1.00000 
   1.80663    6.88762    5.67445      -2.01510    1.33498   0.685734       3.23357    4.36991    1.96679       3.17887    4.65450    1.95882    1.00000    1    1.00000    1.00000 
   1.26350    4.83885    6.22750      0.525460    1.22138    1.51575      -19.6508    47.5890    86.8330      -18.4937    47.8966    88.0774    1.00000    1    1.00000    1.00000 
   2.27374    5.35654    6.27088       1.06716   -1.24990   -1.79868       3.67624  -0.885445 -0.0938112       3.60260  -0.934600  -0.160981    1.00000    1    1.00000    1.00000 
  0.731952    4.81239    5.42168      -1.80683   0.673885   0.526921      -16.8316    5.38652   -45.8145      -17.7235    5.27545   -47.3031    1.00000    1    1.00000    1.00000 
  0.874590    5.75146    4.81119       1.01531  -0.653963   0.151075       10.8166   -15.2673   -20.3637       10.2213   -14.9036   -20.0102    1.00000    1    1.00000    1.00000 
  0.413095    5.42844    6.82512      0.530896   -2.18506   -2.18675     -0.188288   -1.88145   -1.37406     -0.178740   -1.86803   -1.35120    1.00000    1    1.00000    1.00000 
   3.54602    5.43868    6.48614       3.71386  0.0506490   0.892036      -19.7111  -0.826702   -8.78032      -18.4480  -0.397648   -8.45097    1.00000    1    1.00000    1.00000 
   3.92408    6.15130    5.65430      -2.20580    1.25636    3.87361       18.0124    24.7232    11.7537       17.0830    24.7728    11.7350    1.00000    1    1.00000    1.00000 
   3.02899    5.78546    5.38528       1.82591  -0.705893    1.67952      -20.5162   -8.62566   -5.74228      -19.7195   -8.18019   -5.36812    1.00000    1    1.00000    1.00000 
   2.86176    6.36137    6.32063      -1.22161    1.72725   -1.43869      0.651685    1.13627    1.59189      0.593289    1.22096    1.50198    1.00000    1    1.00000    1.00000 
   3.07250    4.74288    5.02425      -1.41957  -0.384384   0.453724      -5.39232   0.641667    11.9444      -5.74318   0.771357    12.5773    1.00000    1    1.00000    1.00000 
   4.51993    6.81864    6.40270      0.393007   0.907411   -1.64404       6.99602   -7.78037   -1.94879       6.73721   -7.65167   -1.89724    1.00000    1    1.00000    1.00000 
   4.55000    5.57566    6.55375      0.370584  0.0616292   -1.18572       19.9766    5.54424   0.245118       18.8126    5.37464   0.213111    1.00000    1    1.00000    1.00000 
   4.12241    5.21188    5.29789       1.36800   0.615263    2.52643      0.772601   -13.0040   -6.67129      0.862204   -13.5073   -6.88223    1.00000    1    1.00000    1.00000 
   4.56513    6.15650    4.64453       1.82125   -2.69837    3.40573     -0.857153   -19.2048    1.08735     -0.882160   -20.5062    1.31728    1.00000    1    1.00000    1.00000 
   3.66331    6.87482    4.70627     -0.511943   -3.42043  -0.172520      -15.6978   -3.62342   -9.09500      -15.6487   -3.40473   -9.08307    1.00000    1    1.00000    1.00000 
   5.65073    5.96204    5.74417      -1.05969    1.85445   -2.25974      -12.5976    11.3682   -3.31850      -12.3390    12.1996   -4.15684    1.00000    1    1.00000    1.00000 
   6.02825    5.00912    5.55208      0.134553    1.68776   0.123428       14.3524   -5.16157    7.45298       15.1651   -4.22568    7.52257    1.00000    1    1.00000    1.00000 
   5.76518    5.31740    6.53484     0.0151580  -0.715156  -0.718358      0.649948   -5.55165    19.7863      0.831922   -6.12370    20.1785    1.00000    1    1.00000    1.00000 
   6.53083    5.54567    4.80978      -1.57650   -2.15969 -0.0335277       7.39314    8.56777   -6.75502       6.93782    7.90927   -6.24844    1.00000    1    1.00000    1.00000 
   6.32982    6.61691    5.31805      0.280885   -1.41800  -0.948509       10.0575    8.20946   -8.11232       9.73636    7.95552   -7.96962    1.00000    1    1.00000    1.00000 
   5.71690    6.67092    6.82853      0.219330   -2.02842   -3.68051      0.995549  -0.950285   -1.97985       1.03494  -0.874737   -2.16130    1.00000    1    1.00000    1.00000 
   8.54511    4.73556    6.49103       1.67642  -0.203158   -1.75048      0.936467    9.21682    20.6319       1.75072    9.12247    20.4867    1.00000    1    1.00000    1.00000 
   8.80535    6.52491    6.36896      0.420842   0.633687   -1.44044      -6.41958   -18.9832   -13.8906      -6.35194   -18.7145   -13.6424    1.00000    1    1.00000    1.00000 
   8.15863    6.60547    5.22805      -1.69479    1.58224   -2.96360      -36.0168   -28.7980    14.1668      -34.3191   -27.7159    13.9543    1.00000    1    1.00000    1.00000 
   7.88489    5.62105    6.55761      0.533793  0.0555640    1.02180       8.01028    1.42251  -0.796910       7.82695    1.45106  -0.735822    1.00000    1    1.00000    1.00000 
   8.83050    5.43023    5.72008     -0.275504   0.255866  -0.451920       16.0577    36.6349    11.9860       17.0002    39.1029    13.0997    1.00000    1    1.00000    1.00000 
   6.94233    6.08027    6.14775       2.15713    1.29688  -0.705646      -3.40027    2.88391   -1.20953      -3.42539    3.00238   -1.39634    1.00000    1    1.00000    1.00000 
   1.23154    9.06779    5.44689      0.490569   -2.68428   -1.89371       15.1415   -22.2382   -4.19044       15.2360   -23.5895   -3.82723    1.00000    1    1.00000    1.00000 
  0.477998    8.94371    6.11400      0.560935    1.32459  -0.706723       29.4456   -44.5243    15.9105       30.3741   -42.2602    17.2964    1.00000    1    1.00000    1.00000 
   1.38022    7.88816    5.66005      0.886284  -0.200298   -1.23966      -4.21315    7.00093   -18.2406      -4.05632    6.81505   -18.8789    1.00000    1    1.00000    1.00000 
   1.34950    7.78546    6.67557      0.935464  -0.528128   0.619817       41.5925    56.1817    24.4782       42.8052    58.0665    26.1514    1.00000    1    1.00000    1.00000 
 0.0112644    7.97114    6.07477      -1.72613    2.39797    2.41772       9.35705   -13.6978    25.1415       8.32633   -14.0565    25.6654    1.00000    1    1.00000    1.00000 
  0.377366    8.26287    5.17794     -0.298846    1.79914  -0.249519       8.08217    5.37589   -17.1916       8.46253    5.71414   -18.1332    1.00000    1    1.00000    1.00000 
   2.09659    7.68691    4.75864     -0.488022    2.60033    1.06935       12.3544   -3.77009    3.50752       12.5665   -3.95746    3.65349    1.00000    1    1.00000    1.00000 
  0.819544    7.06559    6.39845     -0.688088   -1.15348   -1.05013      -47.5248   -57.3810   -38.7027      -48.6310   -59.3493   -39.0083    1.00000    1    1.00000    1.00000 
   3.62178    7.89532    5.50140     -0.609780  0.0110207  -0.187302       36.4391    6.65465   -26.6706       36.5769    6.63852   -26.4248    1.00000    1    1.00000    1.00000 
   3.66813    7.39086    6.65949       1.35815   -1.13331  -0.836283       38.1242   -11.9359    22.5498       38.0466   -11.7292    22.2956    1.00000    1    1.00000    1.00000 
   2.52924    8.83795    5.25749     -0.398367    1.21977   0.111883      -12.6723   -8.55485   -2.83939      -12.6506   -8.52544   -2.96732    1.00000    1    1.00000    1.00000 
   3.45664    9.05794    5.69486      0.102937    2.55102  -0.685029      -4.57910   -4.23198    26.3693      -4.05158   -3.94004    25.8670    1.00000    1    1.00000    1.00000 
   2.92891    7.73654    6.15518       1.05007   0.828176    1.82684      -71.0078    6.23067   -1.09651      -70.8042    6.08445  -0.890053    1.00000    1    1.00000    1.00000 
   3.97689    8.89314    4.86272       1.18651    1.31461    1.74041      -39.6110   -30.4846   -64.3628      -39.9534   -30.3032   -64.0580    1.00000    1    1.00000    1.00000 
   4.57027    7.05190    5.13094      -2.09321    4.08376  -0.606847       13.8095    18.7300    16.7677       13.8206    19.7221    17.4641    1.00000    1    1.00000    1.00000 
   5.55548    8.54189    5.43255      0.366966  -0.170231   -1.83207      -5.49492    8.37750    2.34956      -5.30315    8.26035    2.04733    1.00000    1    1.00000    1.00000 
   5.89620    8.60200    6.82804     -0.391243   -1.74085    3.45123      -16.9738    12.0510   -4.66065      -16.6575    11.8447   -4.70488    1.00000    1    1.00000    1.00000 
   6.20196    7.81607    5.93771      -2.08456   -1.90923    2.03185       3.57587   -2.56741    2.85429       3.67973   -2.65827    2.93019    1.00000    1    1.00000    1.00000 
   6.25055    8.01260    4.81630      -2.10598   -1.24585    2.25312       14.7773   -3.57148    12.6517       14.7394   -3.62910    12.9300    1.00000    1    1.00000    1.00000 
   4.77337    8.73927    6.36960      -1.53682   -2.71880   -1.03153       2.80937   0.541071   -4.37763       2.82868   0.486514   -4.40574    1.00000    1    1.00000    1.00000 
   8.30970    7.86996    5.59465      0.837500    2.07038    2.96809      -7.17936    3.48319   -6.29834      -6.34095    3.97764   -5.82009    1.00000    1    1.00000    1.00000 
   7.90222    7.59009    6.59382      -1.66416   -1.69087  -0.409182       3.68540   0.602328    6.86483       3.68289   0.566915    6.70075    1.00000    1    1.00000    1.00000 
   8.80324    8.88470    5.73862     -0.898113    1.07050   0.906375      -44.9421   -9.12527   -21.9825      -45.7523   -9.18890   -21.5943    1.00000    1    1.00000    1.00000 
   7.41049    7.30462    5.68706     -0.599074   -1.17700 -0.0979622      -11.0836   -4.69047   -2.08590      -11.3326   -4.89949   -1.95660    1.00000    1    1.00000    1.00000 
   8.90055    7.16843    4.98946     -0.510839   -1.93095    1.67882       39.7727    27.4950   -7.66892       37.9812    26.1381   -7.00581    1.00000    1    1.00000    1.00000 
   7.50386    8.69619    5.72437      -2.55138   -3.21332   0.982615      -2.57446   -3.54703   -4.67373      -2.60259   -3.57593   -4.81167    1.00000    1    1.00000    1.00000 
   8.11178    9.13965    6.46571     -0.741413   -2.62231   0.203285      -15.3182    11.7279    1.20590      -14.4916    11.6801    1.38057    1.00000    1    1.00000    1.00000 
   1.18221    1.38192    7.76838      0.256070   0.400017   -1.42502       53.7666    4.47628    56.2920       52.1502    4.57118    54.8857    1.00000    1    1.00000    1.00000 
   1.66972   0.591979    8.67336       1.80454  -0.576132    1.32449       35.4101    10.6468   -9.46570       36.7209    10.7714   -10.0677    1.00000    1    1.00000    1.00000 
  0.810752   0.458973    7.50262      -1.35160    1.63986   0.300463      -45.6293    20.1230   -26.6572      -47.1171    21.7365   -27.6192    1.00000    1    1.00000    1.00000 
   1.40446    1.61244    8.98103      0.599404  -0.151777    1.55570      -9.31895   -2.85838    7.95884      -8.96955   -2.91222    8.00215    1.00000    1    1.00000    1.00000 
  0.552727    1.50051    7.07760      -1.00605   0.810347    2.09051      -45.2158    14.3015   -48.4076      -43.7237    14.4172   -46.7618    1.00000    1    1.00000    1.00000 
   2.18108    1.51218    8.31860     -0.960566    1.51075   0.120626       14.9668   0.856314   -10.2633       14.9015   0.870040   -10.1557    1.00000    1    1.00000    1.00000 
   1.60733    2.21958    7.05127       1.27686   -3.54194    3.73740     -0.882100   -9.86284    15.2603     -0.381733   -11.5216    17.2176    1.00000    1    1.00000    1.00000 
   4.01824    1.37994    7.74743      0.194370   0.732533   -1.96776      -7.19678   -17.4540   -15.5022      -6.72207   -17.9105   -15.8380    1.00000    1    1.00000    1.00000 
   3.27051    1.57694    8.83949     -0.499973   0.128436   -1.45058      -29.6449   -21.9609    18.8172      -28.8480   -21.2058    18.2695    1.00000    1    1.00000    1.00000 
   3.14907    2.00308    7.73453     -0.289446   0.234357   -1.46368      -14.6221    5.14151   -5.90044      -14.4678    5.19415   -5.71134    1.00000    1    1.00000    1.00000 
   3.92918    2.13069    8.40553      -2.68505   0.865670  -0.449167       42.1019    47.2256    4.19121       40.9865    46.6955    4.92381    1.00000    1    1.00000    1.00000 
   2.88223   0.272913    7.02574      0.463354    2.14999  -0.900824      -64.4049    38.6150   -34.4337      -67.1088    39.8627   -35.8743    1.00000    1    1.00000    1.00000 
   4.53996   0.582883    8.19534      0.258521    2.45903  -0.452662      -3.67210  0.0278634    3.33378      -3.86839   0.746858    3.67091    1.00000    1    1.00000    1.00000 
   2.37250    1.39928    7.07114      0.388599    2.25031   0.212086     -0.320805  -0.393047    2.34899     -0.484121  -0.188549    2.36093    1.00000    1    1.00000    1.00000 
   2.60999   0.782863    9.15850      0.135195   0.495634   -1.31020       42.5051   -1.59149   -44.9163       41.5500  -0.732465   -44.1601    1.00000    1    1.00000    1.00000 
   4.84377   0.241882    7.22631       1.71905   -1.49026   -1.36348       4.79914    2.26648   0.968365       4.91419    2.08832   0.827872    1.00000    1    1.00000    1.00000 
   4.94580    1.46691    8.65572      -1.35685   -1.47498   0.364485      -5.25774  -0.511931    7.98067      -5.37671   -1.09923    7.86840    1.00000    1    1.00000    1.00000 
   6.13803    1.94294    7.59819      -1.47169   0.993940   0.519733      -2.98553    7.69383    32.0713      -3.55492    7.85229    31.0132    1.00000    1    1.00000    1.00000 
   4.98342    1.71389    7.56578     -0.370236   -2.36466  -0.660295       9.86808   -23.2566    21.5357       9.42676   -23.9252    22.0864    1.00000    1    1.00000    1.00000 
   5.63127   0.838258    8.12686       1.54376    1.80222   0.809088       3.09887   -4.17274   -3.97035       3.08134   -4.16047   -3.95699    1.00000    1    1.00000    1.00000 
   8.68439    1.33048    7.76840     -0.565906   -2.40175  -0.853930       10.2708    4.55465    4.96119       9.96153    4.37904    5.42126    1.00000    1    1.00000    1.00000 
   7.79420   0.849471    8.05849      0.413168   0.809299   -2.79435       17.0008   -15.9547    12.0004       17.1501   -15.1748    11.6294    1.00000    1    1.00000    1.00000 
   7.04682    1.45947    7.79602       1.40473    1.22765    1.05990      -11.8324  -0.378481   -5.68110      -10.7939  -0.803674   -5.40195    1.00000    1    1.00000    1.00000 
   7.86484    1.89449    8.77999       2.74784   0.333775  -0.969912       74.9899   -3.41954    1.37121       78.5116   -3.51009    1.46298    1.00000    1    1.00000    1.00000 
   6.96219   0.239356    7.75391      -1.10657  -0.214409   0.233420      -20.5445    13.1851   -9.99818      -20.7300    13.1485   -9.92947    1.00000    1    1.00000    1.00000 
   9.16662   0.739019    8.80729     -0.705994   0.514973    3.18264      -24.7253    19.5195    1.12226      -24.1927    20.2198    1.87756    1.00000    1    1.00000    1.00000 
   7.01676   0.641701    8.81884      0.942704   -3.30237 -0.0587959      -1.29877   -5.05615    1.21617      -1.28972   -5.45098    1.27976    1.00000    1    1.00000    1.00000 
   8.05449   0.803192    9.17641     -0.889441  0.0856785  -0.326460       2.08215    5.56354   -4.71281       2.12696    5.44505   -5.00128    1.00000    1    1.00000    1.00000 
   6.95317    1.73401    8.97846     -0.299120    1.27305   -1.51901      -60.1373   -7.56505    12.4704      -62.8826   -7.86318    13.2231    1.00000    1    1.00000    1.00000 
   1.22873    2.71262    8.13389      -1.15296 -0.0523430   -1.33623       22.5352    5.89209   -19.5493       22.2856    5.74668   -19.0794    1.00000    1    1.00000    1.00000 
  0.713458    3.23092    7.36665      -1.59559   0.447563   -1.35887      -7.05672   -1.81737   -11.3644      -7.23107   -2.10913   -11.6342    1.00000    1    1.00000    1.00000 
  0.126597    4.22320    7.19866     -0.373853 -0.0673562   0.726404       2.83080  0.0941595   0.198920       2.81404 -0.0872227   0.410958    1.00000    1    1.00000    1.00000 
   1.16278    4.06772    7.84281       1.13680    1.09572   0.289738       1.84711    4.55054   -1.90957       1.91401    4.91843   -1.36121    1.00000    1    1.00000    1.00000 
  0.670444    2.39323    8.88254     -0.947619    1.96718   -1.51242       10.0899    4.73095    16.4583       10.0130    5.81963    15.6696    1.00000    1    1.00000    1.00000 
   2.09133    3.31638    7.28843      0.231126    3.68959   0.188591       4.98040   -17.4679    11.8189       4.92594   -17.5986    11.8409    1.00000    1    1.00000    1.00000 
 0.0138208    3.33518    9.02221      0.299489   0.691929   0.449428       33.4397    50.6813    2.05246       33.1682    50.5442    2.01730    1.00000    1    1.00000    1.00000 
  0.922226    4.07499    8.87269    -0.00530803    1.28478   -2.35036      -14.9670   -2.22046    5.97953      -14.8830   -1.70028    5.39560    1.00000    1    1.00000    1.00000 
   3.41332    3.11567    8.22800     -0.230357    3.51809   -1.76954       4.30523   -4.64313    7.55666       4.11218   -4.60260    7.22298    1.00000    1    1.00000    1.00000 
   3.63848    4.15103    7.74209     -0.288741    2.94680   -2.68258      -2.77332   -3.56794    7.06577      -2.94053   -3.43081    6.67451    1.00000    1    1.00000    1.00000 
   2.33809    3.71993    8.71589      -1.63417  -0.618086    1.09383      -17.8757   -1.37866   -7.80864      -18.1262   -1.41865   -7.78056    1.00000    1    1.00000    1.00000 
   3.14502    3.11494    7.23763     -0.735393   -1.56667  -0.812025      -95.2789    44.7268    29.9612      -94.8626    45.2875    30.3595    1.00000    1    1.00000    1.00000 
   4.22380    4.35060    8.92265     -0.297679  -0.808722  -0.245218      -5.23929  -0.394183   -1.49673      -5.25024  -0.454816   -1.55091    1.00000    1    1.00000    1.00000 
   4.08403    3.13733    9.13353       1.30497    2.47892    1.43141      -17.2342   -20.2817   -2.58673      -15.7011   -20.4946   -2.44535    1.00000    1    1.00000    1.00000 
   3.27459    3.71171    9.09010     -0.792910  -0.274004  0.0502214      0.731865    8.90196    15.3235      0.736781    9.37274    15.2564    1.00000    1    1.00000    1.00000 
   2.57925    2.52802    8.83517      0.734688    1.92703    2.18390       10.6476   -4.46037   -27.9214       9.90323   -4.12222   -25.8476    1.00000    1    1.00000    1.00000 
   4.50806    3.25320    7.79149     -0.880345   -2.58584  -0.152505      -1.11716   -1.41175    1.97427      -1.17286   -1.46025    1.93835    1.00000    1    1.00000    1.00000 
   5.67054    2.88571    7.79346      -3.31534  -0.980470   0.525071      -2.98762    5.31301   -1.09665      -3.12099    4.99124   -1.12770    1.00000    1    1.00000    1.00000 
   4.97035    2.50368    8.55469      0.710287  -0.812231    1.22036      -12.4060   -39.1463   -48.4173      -11.9031   -36.9489   -46.6583    1.00000    1    1.00000    1.00000 
   6.03254    2.50499    8.76550      0.403906  -0.895573 -0.0126189      -5.14423   -8.70911  -0.195708      -5.51845   -8.93044  0.0536716    1.00000    1    1.00000    1.00000 
   6.03741    3.96799    7.64433     -0.802277    2.70575    1.50862      -11.0823   -12.9486    35.9208      -10.9864   -12.8896    35.7599    1.00000    1    1.00000    1.00000 
   5.06673    2.47281    6.95291      0.660915  -0.615230  -0.333301       2.47464    29.0505   -20.9121       2.56111    29.5664   -21.4321    1.00000    1    1.00000    1.00000 
   5.18962    4.36356    8.33954      -1.82042   -3.11772   -1.10295       5.81834   0.405268    10.5531       5.30373   0.469127    9.65113    1.00000    1    1.00000    1.00000 
   4.64528    4.44561    7.46260       1.39121  -0.636081    2.20029      -1.71697    2.77463   -8.71315      -1.26458    2.64664   -7.81775    1.00000    1    1.00000    1.00000 
   8.46542    3.47885    7.16413       1.30282   0.414649  0.0251340       12.8439    15.0080    3.67609       12.9328    15.1080    3.67719    1.00000    1    1.00000    1.00000 
   8.84087    3.93055    8.16925       3.12621  -0.420364  -0.166810     -0.900701   -8.20744    2.85693     -0.827606   -8.19644    2.81032    1.00000    1    1.00000    1.00000 
   8.16744    2.95532    8.38793      -1.00303  -0.323777    2.58733      -14.5874    17.2502    4.44231      -15.2089    17.2953    5.01839    1.00000    1    1.00000    1.00000 
   7.69938    4.00697    8.51326     0.0315264    1.54437  -0.394823       15.5994   -38.3585   -33.3916       15.6964   -37.3864   -32.9752    1.00000    1    1.00000    1.00000 
   7.79467    2.72251    7.06545       1.28254   0.305345   -1.32351       16.2973   -14.0031    6.53694       16.6695   -13.8700    6.68772    1.00000    1    1.00000    1.00000 
   8.94743    2.61811    7.81856      0.317632  -0.634357  -0.471465       13.2408   -2.98934   -9.10684       13.9286   -3.29913   -9.58778    1.00000    1    1.00000    1.00000 
   8.87416    2.44850    8.95016      0.249177   0.911687  0.0548247      -40.8028   -54.6839    3.42175      -40.5424   -54.2693    3.18639    1.00000    1    1.00000    1.00000 
   7.17130    3.60880    6.92047       1.34346   -1.46073   0.341768       2.78842    10.5278  0.0648441       2.86148    10.2699  0.0925390    1.00000    1    1.00000    1.00000 
   7.29353    2.41207    8.14094      0.495245    1.42284   -2.68960       6.27615   -21.6662   -55.0274       6.36861   -22.4112   -56.8906    1.00000    1    1.00000    1.00000 
   6.90985    3.03260    8.74724      0.280457   0.675410   0.645178      -7.23671    39.1151    30.0318      -7.80575    40.6498    31.2933    1.00000    1    1.00000    1.00000 
   1.28969    5.58991    7.76359     -0.775809  -0.158851   0.715745      -10.7803    33.6264   -54.8682      -10.9725    32.5095   -53.6398    1.00000    1    1.00000    1.00000 
   1.21670    5.01311    8.51441      0.427114  -0.624812   -1.48675      -9.58663   -32.5758    46.9103      -9.78021   -31.9189    45.8340    1.00000    1    1.00000    1.00000 
   1.56804    6.75468    8.55162      -2.00374    2.02410   0.623720       1.60850   -4.04972   -24.5141       1.22380   -1.86608   -25.3465    1.00000    1    1.00000    1.00000 
   2.03406    5.66866    8.44979     -0.520507    1.72349   0.973844       4.12677   -33.7648   -39.7381       4.05769   -33.5028   -38.7053    1.00000    1    1.00000    1.00000 
  0.194873    6.51384    7.64647      0.874036  -0.124326    2.39485     0.0663585    3.30459  -0.322828     0.0958937    3.15849  -0.248669    1.00000    1    1.00000    1.00000 
 0.0915988    4.85847    8.64082       1.06668   0.756348  -0.102826       4.21530   -9.13699    5.81311       4.13506   -8.90172    5.67402    1.00000    1    1.00000    1.00000 
   3.38787    5.83636    7.48317      0.622909   -1.18239   -3.18984      -10.3158    28.9735   -36.7960      -11.0455    29.7204   -38.5200    1.00000    1    1.00000    1.00000 
   2.76038    6.31138    8.64633      0.637210    1.49113  -0.515065       13.1391   -15.6719   -7.29737       12.8857   -14.4577   -6.73355    1.00000    1    1.00000    1.00000 
   3.80045    5.45826    8.27008     0.0502169  -0.711740   0.166580       15.5329   -42.2209    29.5015       16.4342   -42.9439    30.9743    1.00000    1    1.00000    1.00000 
   3.04841    4.65079    8.68366    -0.0785766   -2.19487  -0.517746     -0.247564    9.97705   -3.12130     -0.217993    9.65221   -2.92861    1.00000    1    1.00000    1.00000 
   2.57140    5.25735    7.72693     -0.301728   0.896583   0.183138       6.16694   -20.0630   -17.4293       6.41611   -20.3424   -17.8719    1.00000    1    1.00000    1.00000 
   3.79305    6.35825    8.70798       1.42873   -1.27232    1.16631       6.13272    28.8933  -0.285729       6.52158    28.8737 -0.0956711    1.00000    1    1.00000    1.00000 
   5.17816    5.97532    7.50510     -0.722613   -2.70265   -1.89801      -2.92537    7.54577   -3.63739      -2.62633    6.91253   -3.49260    1.00000    1    1.00000    1.00000 
   5.93894    6.86502    7.94567      -2.89696    1.50187   0.689545      0.986822    5.32807   -13.5364      0.923084    5.25557   -13.7355    1.00000    1    1.00000    1.00000 
   4.88290    5.49541    8.43422     -0.176373   0.671276   0.575310       1.96471    7.03652   -17.7730       1.94766    7.34492   -18.4364    1.00000    1    1.00000    1.00000 
   5.71748    6.27407    8.75318     -0.577478   -2.10260  -0.267553      -11.9125   -5.43538   -28.7781      -12.0522   -5.61571   -27.9260    1.00000    1    1.00000    1.00000 
   6.24513    5.20546    9.08912     -0.714003    1.97362    1.41088      0.523540    3.70221   -1.20290      0.538099    3.73460   -1.13676    1.00000    1    1.00000    1.00000 
   5.73808    5.09096    7.64169      -3.27923   0.270113   0.863692       2.82591   -8.19897    1.01274       2.49153   -7.75659   0.922576    1.00000    1    1.00000    1.00000 
   6.62070    5.67518    8.03260      -1.63185    1.00104  0.0990227      -5.38046    2.29782    6.52437      -5.46486    2.34352    6.65004    1.00000    1    1.00000    1.00000 
   7.44867    6.83605    8.47548      0.478530    1.22139    1.06470      0.723781   -21.5943   -17.7725      0.992977   -20.8526   -16.4832    1.00000    1    1.00000    1.00000 
   7.94081    4.98968    8.65077      0.573698   -1.59094   -1.81923       23.3152    25.6690   -16.3084       23.5822    25.0098   -17.0590    1.00000    1    1.00000    1.00000 
   8.85994    5.67324    8.16073       1.68888  0.0211788   0.975975      -2.71699    25.4677    5.78019      -2.56924    25.4146    6.01806    1.00000    1    1.00000    1.00000 
   7.65671    5.65987    7.71739      0.176405   -1.87709    1.56000       19.9561    7.32998    13.5663       19.8312    7.21734    13.2207    1.00000    1    1.00000    1.00000 
   7.50106    4.66595    7.30741     -0.574386  -0.690048   -1.47006       30.1512   -44.7384    12.7070       28.6212   -42.5869    11.9929    1.00000    1    1.00000    1.00000 
   8.53223    4.83287    7.70245      -1.86805  -0.446582    3.25672      -8.57723   -10.4138   -12.3238      -8.72742   -10.4261   -12.1653    1.00000    1    1.00000    1.00000 
   6.95707    5.40032    7.02334       2.19507   -1.46731    1.30693      -50.6620    32.0245   -25.2448      -48.7469    29.8352   -24.1314    1.00000    1    1.00000    1.00000 
  0.317255    9.09068    8.41227     -0.136707   0.177758    1.60030       13.2057   -21.5544   -21.5050       13.3688   -22.0391   -21.5358    1.00000    1    1.00000    1.00000 
  0.388703    7.59293    8.18365     -0.760308    1.07063  -0.816280       22.0936   -14.9179    7.10133       21.7082   -14.4578    6.48150    1.00000    1    1.00000    1.00000 
   1.41686    9.11614    7.98370     -0.357919  -0.606309    1.07949       13.0365   -51.1730    15.3651       15.1830   -52.6657    16.5809    1.00000    1    1.00000    1.00000 
  0.564609    8.50962    7.30208     -0.266945    2.30973  -0.882042       2.22244    9.49274   -12.7906      0.805708    9.62710   -13.0220    1.00000    1    1.00000    1.00000 
   1.40735    7.74854    8.63558     -0.575482   -1.18354    1.50350       5.76668    10.6326    8.22040       6.16813    9.23089    8.40647    1.00000    1    1.00000    1.00000 
   1.37553    8.08446    7.65449     -0.156804   -1.70071  -0.510321       28.4844   -10.4481    15.4763       29.7429   -11.2023    15.0574    1.00000    1    1.00000    1.00000 
   1.23303    6.91211    7.32698      -1.46623   -1.06947   -2.05843      -4.96294    21.1356    31.5290      -5.13279    21.1434    31.1661    1.00000    1    1.00000    1.00000 
  0.300527    7.09404    9.13404      0.827567  -0.965333   0.599079      -17.7601   0.774374   -2.82516      -16.8609   0.560510   -2.18743    1.00000    1    1.00000    1.00000 
   2.20382    7.33731    7.68753      -2.23984    3.52149   0.228850      -167.862    48.3494    67.4976      -174.938    52.6153    72.9566    1.00000    1    1.00000    1.00000 
   1.71707    9.12484    6.90648      -2.39645   -1.57845  -0.856010      -2.09467   -1.95110    1.54786      -2.05804   -1.93215    1.46308    1.00000    1    1.00000    1.00000 
   2.46636    8.02804    8.32798      -2.74900  -0.174660    1.04072       8.38485    24.8500    22.5703       7.98428    23.7394    21.6237    1.00000    1    1.00000    1.00000 
   2.61856    8.32227    6.98736      -1.76940   -1.49564   0.134704      -3.98550    3.19918    9.75052      -3.86327    3.00008    9.51693    1.00000    1    1.00000    1.00000 
   4.34571    7.94497    8.37769    -0.00174536    1.11329 -0.0675333       38.6788    23.8889   -34.0040       38.7691    23.9921   -34.0209    1.00000    1    1.00000    1.00000 
   3.55638    8.67674    8.43431       1.84329    1.33228  -0.674111      -5.46677   0.416316    10.3212      -5.38798   0.406364    9.89297    1.00000    1    1.00000    1.00000 
   2.63333    7.20978    9.01426      0.122710  -0.752155  -0.378580       3.25495    6.90708    4.60615       3.79389    5.01237    3.65037    1.00000    1    1.00000    1.00000 
   3.76463    7.47547    8.97140       1.66980  -0.588140   0.480208      -33.8370   -28.3037    37.7168      -33.9664   -28.2101    37.7471    1.00000    1    1.00000    1.00000 
   2.42014    9.06940    8.11110      -1.23651  0.0884047   -2.76194       19.6483    5.68242   -1.01488       19.0920    5.88724   -1.11551    1.00000    1    1.00000    1.00000 
   3.58470    9.01889    7.43588     -0.616664   -3.58585  0.0712097       63.2688   -38.3344    28.7415       66.0550   -39.5966    30.5941    1.00000    1    1.00000    1.00000 
   2.91286    7.00430    7.28666     0.0428778   0.997723 -0.0108323       150.785   -77.0711   -84.6070       158.030   -80.2593   -88.8766    1.00000    1    1.00000    1.00000 
   6.69070    7.98877    6.99456      0.742828  -0.100478   -1.78293       11.9586    1.51630    3.10579       11.5314    2.06886    3.16901    1.00000    1    1.00000    1.00000 
   6.72977    7.52406    8.30476       2.60338 -0.0432001  -0.175109      -11.6302    14.9052   -2.09697      -10.8104    14.4685   -1.84918    1.00000    1    1.00000    1.00000 
   5.74845    8.03264    8.64262     -0.125658  -0.907841    1.62558      -11.3432   -17.9448    2.25363      -11.1597   -18.2618    2.85012    1.00000    1    1.00000    1.00000 
   4.61584    8.39425    7.37929      -1.32568  0.0362108  -0.558507      -1.53795   -3.53841    6.36524      -1.49475   -3.42696    6.30895    1.00000    1    1.00000    1.00000 
   4.60447    6.99293    7.60625     -0.763838   0.519213   -1.91682      0.661845 -0.0986980  -0.878598      0.649260 -0.0591100  -0.857239    1.00000    1    1.00000    1.00000 
   5.87106    8.78459    7.98954       1.02192    1.23986    3.32097       3.54603    19.0023   -15.9631       3.50677    19.1917   -15.9598    1.00000    1    1.00000    1.00000 
   4.92709    8.90970    8.61417     -0.966428  -0.174542   -1.59170       4.89172   -13.2965   0.927272       5.04012   -13.6854   0.921165    1.00000    1    1.00000    1.00000 
   6.75799    8.28732    9.08220      -1.92402 0.00144445 -0.00740882       18.7284   -24.9583   -7.33174       18.4577   -25.0412   -7.69784    1.00000    1    1.00000    1.00000 
   6.03735    8.93392    9.09687      -1.99938   0.961449   -1.10157      -30.1488    36.9997    8.31086      -30.5692    37.2480    8.16507    1.00000    1    1.00000    1.00000 
   7.41319    8.78143    8.38887      -1.60224 0.00276756   0.535612      -8.84525   -17.4991    26.4681      -8.86857   -17.4717    26.4191    1.00000    1    1.00000    1.00000 
   8.89427    8.13614    7.73654       1.82300   0.383548   -3.26220      -30.7254    5.39543   -3.54586      -29.9363    5.45318   -3.50578    1.00000    1    1.00000    1.00000 
   8.56107    6.91969    8.53097      -1.07248   -2.37988   0.556978       42.3735   -61.5841    11.7735       42.7296   -62.1722    11.8827    1.00000    1    1.00000    1.00000 
   8.06534    7.70779    8.40733       1.02954  -0.435774   -1.36499      -35.3636    65.6216   -9.00820      -36.1157    66.1084   -8.93833    1.00000    1    1.00000    1.00000 
   8.21433    6.94289    7.48827     -0.826751  -0.463563  -0.222938      -1.56403  -0.628453   0.236913      -1.57660  -0.629462   0.180329    1.00000    1    1.00000    1.00000 
   8.89457    8.97004    7.09654      -1.34361   0.672103   -1.07655      0.611781    14.6349   -3.44984      0.111336    14.5864   -3.66493    1.00000    1    1.00000    1.00000 
   6.91152    6.98098    6.98283      0.226824   -1.61743  0.0850931       3.17632   -14.5577   -1.07536       3.24869   -14.9331   -1.08369    1.00000    1    1.00000    1.00000 
   8.36709    9.13794    8.61758      -1.64469  0.0870579    1.32131       11.5383  -0.287628 -0.0976246       11.4784  -0.214234 -0.0699812    1.00000    1    1.00000    1.00000 
   7.91345    9.04821    7.55371     -0.581178   -1.16875   0.792496       16.5368    1.69606   -14.8731       16.6423    1.67693   -14.8887    1.00000    1    1.00000    1.00000 
   9.08481    7.31447    6.91886      -1.16015  -0.323050  -0.735616       5.87675    20.4866    17.7369       5.73644    20.4244    17.4105    1.00000    1    1.00000    1.00000 
